Z01030500                       USGS 
H01030500       4530040681821002323019SW010200031418   1418    217.00           
N01030500       Mattawamkeag River near Mattawamkeag, Maine
Y01030500       
301030500       19030325  164002                                       
301030500       19040515  170002                                       
301030500       19050410  124002                                       
301030500       19060507  157002                                       
301030500       19070425  240002                                       
301030500       19080502  168002                                       
301030500       19090420  204002                                       
301030500       19100425  105002                                       
301030500       19110502  109002                                       
301030500       19120604  196002                                       
301030500       19130429  202002                                       
301030500       19140511  206002                                       
301030500       19150507  158002                                       
301030500       19160422   89202                                       
301030500       19170619  237002                                       
301030500       19180426  121002                                       
301030500       19190401  126002                                       
301030500       19200418  248002                                       
301030500       19210402  149002                                       
301030500       19220624  169002                                       
301030500       19230501  466002                                       
301030500       19240503  136002                                       
301030500       19250405  102002                                       
301030500       19260506  231002                                       
301030500       19270426  135002                                       
301030500       19271106  169002                                       
301030500       19290504  157002                                       
301030500       19300415  130002                                       
301030500       19310414  132002                                       
301030500       19320415  207002                                       
301030500       19330420  168002                                       
301030500       19340421  294002                                       
301030500       19350424  20800               11.97                    
301030500       19360323  29200               15.34                    
301030500       19370523  10500                7.99                    
301030500       19380422  11900                8.61                    
301030500       19390430  18000               11.00                    
301030500       19400416  23600               13.15                    
301030500       19410422  13400                9.15                    
301030500       19420428  17000               10.65                    
301030500       19430429  12900                8.96                    
301030500       19431113  12900                8.99                    
301030500       19450406  19200               11.47                    
301030500       19460430  12900                9.00                    
301030500       19470508  23900               13.30                    
301030500       19480521  12900                8.95                    
301030500       19490418   9950                7.78                    
301030500       19500424  21100               12.22                    
301030500       19501201  18600               11.25                    
301030500       19520424  15500               10.03                    
301030500       19530403  20900               12.17                    
301030500       19540424  23500               13.15                    
301030500       19550421  18900               11.38                    
301030500       19560502  13600                9.30                    
301030500       19570425  10200                7.90                    
301030500       19580426  25400               13.90                    
301030500       19590411  14400                9.602                   
301030500       19591201  17300               10.72                    
301030500       19610531  18200               11.11                    
301030500       19620405  11200                8.32                    
301030500       19630504  19800               11.75                    
301030500       19640418  16200               10.30                    
301030500       19650424   9790                7.71                    
301030500       19660426   9930                7.77                    
301030500       19661107  12600                8.91                    
301030500       19680417  12200                8.70                    
301030500       19690420  18700               11.30                    
301030500       19700427  18400               11.15                    
301030500       19710507  19000               11.42                    
301030500       19720509  18800               11.33                    
301030500       19730501  23800               13.26                    
301030500       19740503  18800               11.33                    
301030500       19750423  11000                8.20                    
301030500       19760406  27600               14.70                    
301030500       19770406  16000               10.44                    
301030500       19780428  16500               10.46                    
301030500       19790329  24600               13.61                    
301030500       19800414  12600                8.86                    
301030500       19810926  22000               12.59                    
301030500       19820423  18100               11.09                    
301030500       19830421  18300               11.16                    
301030500       19840604  19000               11.45                    
301030500       19850409   6190                6.05                    
301030500       19860404  14600                9.70                    
301030500       19870405  23300               13.10                    
301030500       19880406  12200                8.74                    
301030500       19890516  22200               12.67                    
301030500       19900419  11800                8.582                   
301030500       19910411  15000               11.846                   
301030500       19920404  10500               10.012                   
301030500       19930415  26100               16.16                    
301030500       19940419  24900               15.73                    
301030500       19950417  10400                9.99                    
301030500       19960425  14500               11.666                   
301030500       19970505  14700               12.69                    
301030500       19980403  19400               14.38                    
301030500       19990401  12400               11.852                   
301030500       20000407  17400               13.69                    
301030500       20010426  17900               13.89                    
301030500       20020417  15000               12.79                    
301030500       20030426  16200               13.25                    
301030500       20031101  15200               12.89                    
301030500       20050408  19100               14.31                    
301030500       20051204  17800               13.86                    
301030500       20070426  18300               14.03                    
301030500       20080425  19600               14.45                    
301030500       20090409  20500               14.74                    
301030500       20100402  17400               13.70                    
301030500       20101216  22100               15.24                    
301030500       20120629  18700               14.17                    
301030500       20130528  14700               12.71                    
301030500       20140418  25700               16.31                    
301030500       20150425  19400               14.40                    
301030500       20151003  15900               13.15                    
301030500       20170418  20500               14.74                    
301030500       20180430  23500               15.65                    
