Z01073000                       USGS 
H01073000       4308550705756003333017SW0106000312.1           65.29            
N01073000       OYSTER RIVER NEAR DURHAM, NH
Y01073000       
301073000       19350110    345                4.60                    
301073000       19360319    548                7.45                    
301073000       19370222    369                4.93                    
301073000       19371207    422                5.60                    
301073000       19390407    162                2.21                    
301073000       19400413    334                3.062                   
301073000       19410208    250                3.181                   
301073000       19420309    380                3.501                   
301073000       19421202    355                3.17                    
301073000       19440324    165                2.23                    
301073000       19450516    217                2.51                    
301073000       19460309    215                2.561                   
301073000       19470315    168                2.24                    
301073000       19480322    300                3.051                   
301073000       19490419    144                2.02                    
301073000       19500323    384                3.27                    
301073000       19510208    261                2.71                    
301073000       19520406    389                3.29                    
301073000       19530316    498                3.84                    
301073000       19540911    862                5.47                    
301073000       19541215    374                3.29                    
301073000       19560109    351                3.24                    
301073000       19570227   91.0                1.63                    
301073000       19580127    400                3.861                   
301073000       19590403    260                2.71                    
301073000       19600405    423                3.52                    
301073000       19610417    213                2.44                    
301073000       19620401    386                3.35                    
301073000       19621206    450                3.64                    
301073000       19640121    213                2.44                    
301073000       19650225    110                4.261                   
301073000       19660325    106                2.72                    
301073000       19670403    309                3.97                    
301073000       19680319    440                4.741                   
301073000       19690326    240                3.841                   
301073000       19700211    280                4.721                   
301073000       19710403    140                2.98                    
301073000       19720323    233                3.56                    
301073000       19730402    610                5.28                    
301073000       19731217    169                3.172                   
301073000       19750404    299                3.92                    
301073000       19751210    179                3.24                    
301073000       19770314    567                5.12                    
301073000       19771017    278                3.81                    
301073000       19790307    348                4.17                    
301073000       19800410    210                3.44                    
301073000       19810227    615                5.30                    
301073000       19820607    287                3.86                    
301073000       19830319    709                5.64                    
301073000       19840406    410                4.70                    
301073000       19850312    190                3.40                    
301073000       19860127    311                4.15                    
301073000       19870406    600                5.612                   
301073000       19880429    240                3.722                   
301073000       19881102    356                4.41                    
301073000       19900404    211                3.54                    
301073000       19910819    458                4.95                    
301073000       19920606    139                3.04                    
301073000       19930330    418                4.74                    
301073000       19940322    348                4.24                    
301073000       19941224    263                3.76                    
301073000       19960416    418                4.74                    
301073000       19961021   1160                6.67                    
301073000       19980614    595                5.26                    
301073000       19990917    187                3.26                    
301073000       20000422    254                3.79                    
301073000       20010322    452                4.78                    
301073000       20020514    140                2.91                    
301073000       20030322    169                3.16                    
301073000       20040402    521                4.91                    
301073000       20050403    311                3.73                    
301073000       20060514    873                8.47                    
301073000       20070416   1320               10.20                    
301073000       20080808    371                5.77                    
301073000       20081212    260                4.89                    
301073000       20100226    864                8.43                    
301073000       20110307    282                5.08                    
301073000       20111208    179                4.09                    
301073000       20130913    193                4.24                    
301073000       20140330    2712               5.311                   
301073000       20150421    203                4.34                    
301073000       20160110    190                4.21                    
301073000       20170407    225                4.56                    
301073000       20180416    280                5.06                    
301073000       20181127    235                4.80                    
