Z01078000                       USGS 
H01078000       4333590714454003333013SW0107000185.8           449.80           
N01078000       SMITH RIVER NEAR BRISTOL, NH
Y01078000       
301078000       19190328   2320                4.90                    
301078000       19200414   1820                4.40                    
301078000       19201214   1090                3.60                    
301078000       19220412   2120                4.70                    
301078000       19230406   2220                4.80                    
301078000       19240419   1440                4.00                    
301078000       19250329   2560                5.10                    
301078000       19260425   2020                4.60                    
301078000       19270315   1920                4.50                    
301078000       19271104   5800                7.02                    
301078000       19290317   1750                                        
301078000       19300309   1440                4.00                    
301078000       19310523   1260                3.80                    
301078000       19320412   2020                4.60                    
301078000       19330418   2220                4.806                   
301078000       19340412   3500               10.37                    
301078000       19350110   1240                5.70                    
301078000       19360319   8100               16.09        1885          
301078000       19370515   1720                6.52                    
301078000       19380922   5070               10.77                    
301078000       19390420   2500                7.35                    
301078000       19400503   2100                6.89                    
301078000       19410208    790                5.191                   
301078000       19420615   2340                7.16                    
301078000       19430428   1150                5.59                    
301078000       19431109   1790                6.51                    
301078000       19450322   1330                5.87                    
301078000       19451207   1770                6.49                    
301078000       19470413   1640                6.76                    
301078000       19480322   1960                7.30                    
301078000       19490101   1080                5.70                    
301078000       19500420   1570                6.62                    
301078000       19510403   2840                8.91                    
301078000       19520601   2130                7.64                    
301078000       19530327   3750               10.44                    
301078000       19540511   1750                6.55                    
301078000       19550411   1020                5.30                    
301078000       19560430   1670                6.41                    
301078000       19570124    610                4.50                    
301078000       19580419   1680                6.67                    
301078000       19590404   1600                6.51                    
301078000       19591024   2630                8.16                    
301078000       19610423   1060                5.45                    
301078000       19620408   1590                6.41                    
301078000       19621207   1490                6.23                    
301078000       19640415   1710                6.64                    
301078000       19650416    785                4.83                    
301078000       19660325    920                5.10                    
301078000       19670403   1510                6.27                    
301078000       19680322   1340                5.93                    
301078000       19690419   2730                8.33                    
301078000       19700211   1400                7.721                   
301078000       19710504   1400                6.05                    
301078000       19720504   1500                6.25                    
301078000       19730630   3320                9.27                    
301078000       19731221   1980                7.09                    
301078000       19750420   1220                5.70                    
301078000       19760401   2240                7.52                    
301078000       19770315   2590                8.11                    
301078000       19780517   1240                5.77                    
301078000       19790326   1900                6.95                    
301078000       19800411   1850                6.87                    
301078000       19810222   2060                7.23                    
301078000       19820418   1830                6.84                    
301078000       19830319   1650                6.54                    
301078000       19840531   2770                8.41                    
301078000       19850313    982                5.25                    
301078000       19860127   2130                7.34                    
301078000       19870401   3740               10.21                    
301078000       19880429   1920                7.13                    
301078000       19890406   1520                6.36                    
301078000       19900808   2720                8.54                    
301078000       19901110   1250                5.80                    
301078000       19920327   1450                6.21                    
301078000       19930331   1650                6.62                    
301078000       19940416   1450                6.21                    
301078000       19941225    728                4.73                    
301078000       19960416   2210                7.66                    
301078000       19961021   3000                8.99                    
301078000       19980331   1850                7.00                    
301078000       19990917   2250                7.77                    
301078000       20000410   1900                7.16                    
301078000       20010423   2050                7.43                    
301078000       20020401    736                4.86                    
301078000       20030330   1170                5.79                    
301078000       20040402   1350                6.14                    
301078000       20050404   2510                8.22                    
301078000       20060514   4590               11.41                    
301078000       20070417   2770                8.65                    
301078000       20080412   1480                6.39                    
301078000       20081212   1450                6.342                   
301078000       20100324   1280                6.01                    
301078000       20110829   2490                8.18                    
301078000       20111130    872                5.16                    
301078000       20121221    975                5.38                    
301078000       20140813   1490                6.40                    
301078000       20141016   1660                6.72                    
301078000       20160225   1120                5.68                    
301078000       20170412   1440                6.31                    
301078000       20171030   2620                8.39                    
301078000       20181222   1410                6.252                   
