Z01118300                       USGS 
H01118300       4128290715003000909011SW010900054.02           152.90           
N01118300       PENDLETON HILL BROOK NEAR CLARKS FALLS, CT
Y01118300       
301118300       19590306   98.0                3.65                    
301118300       19591213   99.0                3.68                    
301118300       19610921    174                4.95                    
301118300       19620312    172                4.91                    
301118300       19630306    164                4.79                    
301118300       19640415    106                3.79                    
301118300       19650225   76.0                3.062                   
301118300       19660214   83.0                3.35                    
301118300       19670307   88.0                3.45                    
301118300       19680318    225                5.91                    
301118300       19690325    124                4.13                    
301118300       19700402    212                5.64                    
301118300       19710227   65.0                2.88                    
301118300       19720619    152                4.60                    
301118300       19721206    140                4.42                    
301118300       19731217    108                3.84                    
301118300       19750403   76.0                3.20                    
301118300       19760128    146                4.51                    
301118300       19770322    114                3.96                    
301118300       19780126    2209               6.241                   
301118300       19790121    274                6.41                    
301118300       19800322    266                6.34                    
301118300       19810224   42.0                2.41                    
301118300       19820605    304                6.73                    
301118300       19830411    256                6.25                    
301118300       19831125    169                4.86                    
301118300       19850830    146                4.52                    
301118300       19860808    128                4.17                    
301118300       19861203    284                6.49                    
301118300       19880327    120                4.01                    
301118300       19881121   81.0                3.25                    
301118300       19891021   84.0                3.30                    
301118300       19910819   89.0                3.40                    
301118300       19920124    125                4.10                    
301118300       19930217    100                3.62                    
301118300       19940310    218                5.76                    
301118300       19941224   76.0                3.11                    
301118300       19960119    119                3.40                    
301118300       19961020   90.0                3.39                    
301118300       19980309    223                5.83                    
301118300       19990203    161                4.74                    
301118300       20000422    103                3.65                    
301118300       20010617    244                6.11                    
301118300       20020518   49.0                2.61                    
301118300       20030330   72.0                3.08                    
301118300       20040413    280                6.47                    
301118300       20050329    121                4.00                    
301118300       20051015    288                6.58                    
301118300       20070302    295                6.662                   
301118300       20080213    162                4.72                    
301118300       20090701    244                6.002                   
301118300       20100330    556                7.58                    
301118300       20110908    136                4.27                    
301118300       20111208    150                4.51                    
301118300       20130608    133                4.22                    
301118300       20140330    283                6.42                    
301118300       20150327   71.0                3.10                    
301118300       20151224   87.6                3.40                    
301118300       20170404   87.0                3.39                    
301118300       20180113    145                4.40                    
301118300       20190124    133                4.17                    
