Z01139000                       USGS 
H01139000       4409010720356005033017SW0108010398.4           505.53           
N01139000       WELLS RIVER AT WELLS RIVER, VT
Y01139000       
301139000       19410416    7735               3.88                    
301139000       19420615   19405               5.88                    
301139000       19430428   11205               4.51                    
301139000       19431109   14305               5.05                    
301139000       19450426   18805               5.79                    
301139000       19460309   14505                                       
301139000       19470603   22205               6.35                    
301139000       19480401   14005               5.00                    
301139000       19481231   11005                                       
301139000       19500421   20305               6.04                    
301139000       19510331   15505               5.24                    
301139000       19520602   32305               8.12                    
301139000       19530325   18005                                       
301139000       19540411   13705               4.96                    
301139000       19550415   15805               5.29                    
301139000       19560527   15905               5.30                    
301139000       19561122    5705               3.612                   
301139000       19580422   18205               5.68                    
301139000       19590403   10505               4.701                   
301139000       19591128   19805               5.95                    
301139000       19610423   13705               4.96                    
301139000       19620408   17505               5.57                    
301139000       19621007   18505               5.74                    
301139000       19640415   14905               5.142                   
301139000       19650416    6205               3.712                   
301139000       19660325   11505               4.62                    
301139000       19670403   13305               4.97                    
301139000       19680324   15705               5.35                    
301139000       19690419   23205               6.52                    
301139000       19700425   15905               5.39                    
301139000       19710504   20405               6.07                    
301139000       19720505   29605               7.03                    
301139000       19730630   59705               9.82                    
301139000       19731221   27705               6.82                    
301139000       19750420   12605               4.87                    
301139000       19760401   30405               7.12                    
301139000       19770331   14805               5.21                    
301139000       19780109   13005               5.861                   
301139000       19790307   18105               5.682                   
301139000       19800410   12705               4.90                    
301139000       19810225   15105               5.262                   
301139000       19811028   32205               7.32                    
301139000       19830504   11105               4.652                   
301139000       19840607   46305               8.68                    
301139000       19850224   17205               5.55                    
301139000       19860331   14905               5.23                    
301139000       19870401   27705               6.83                    
301139000       19871004   14105               5.10                    
301139000       19890805   26405               6.69                    
301139000       19900705   21605               6.13                    
301139000       19901024   19005               5.79                    
301139000       19920424   13505               5.012                   
301139000       19930417   19705               5.88                    
301139000       19940416   20405               5.91                    
301139000       19950322    7185               3.90                    
301139000       19960120   35005               7.52                    
301139000       19970715   45605               8.54                    
301139000       19980331   18905               5.73                    
301139000       19990917   26605               6.64                    
301139000       20000404   15405               5.25                    
301139000       20001218   30105               6.87                    
301139000       20020414   20005               5.69                    
301139000       20030330   12905               4.82                    
301139000       20031029   19605               5.65                    
301139000       20050403   16705               5.30                    
301139000       20060118   19105               5.58                    
301139000       20070315   130025              5.101                   
301139000       20080429   22205               5.90                    
301139000       20090404   16705               5.14                    
301139000       20100323   16505               5.12                    
301139000       20110828   51705               9.03                    
301139000       20120423   11005               4.35                    
301139000       20130628   13605               4.91                    
301139000       20140416   36405               7.54                    
301139000       20150720   25005               6.30                    
301139000       20160225   22205               5.97                    
301139000       20170701   37105               7.61                    
301139000       20171025   13105               4.80                    
301139000       20190415   3320                7.21                    
