Z01137500                       USGS 
H01137500       4416070713751003333009SW0108010187.6           1180.74          
N01137500       AMMONOOSUC RIVER AT BETHLEHEM JUNCTION, NH
Y01137500       
301137500       19400503   5620                8.75                    
301137500       19401112   2600                6.52                    
301137500       19420416   2810                6.73                    
301137500       19430517   3620                7.36                    
301137500       19431109   5680                8.84                    
301137500       19450329   2710                6.612                   
301137500       19460803   4090                7.76                    
301137500       19470603   3580                7.29                    
301137500       19480401   3970                7.59                    
301137500       19481231   3230                7.01                    
301137500       19500420   6040                8.94                    
301137500       19501126   8690               10.86                    
301137500       19520602   5540                8.65                    
301137500       19530327   9270               11.22                    
301137500       19540911   8300               10.62                    
301137500       19541016   3210                6.99                    
301137500       19560527   3750                7.42                    
301137500       19570421   2280                6.172                   
301137500       19571221   6110                8.98                    
301137500       19590403   2400                                        
301137500       19591024  10800               12.09                    
301137500       19610509   2610                6.48                    
301137500       19620408   2550                6.43                    
301137500       19621007   3470                7.21                    
301137500       19631108   4820                8.25                    
301137500       19641126   3840                7.49                    
301137500       19660519   1840                5.70                    
301137500       19661103   5290                8.61                    
301137500       19680425   5960                9.09                    
301137500       19690419   3550                7.27                    
301137500       19691227   5440                8.72                    
301137500       19710526   2440                6.35                    
301137500       19720504   2540                6.432                   
301137500       19730630  10600               11.96                    
301137500       19731221   8410               10.69                    
301137500       19741209   4510                8.01                    
301137500       19760401   4160                7.74                    
301137500       19761021   3940                7.57                    
301137500       19771009   2690                6.56                    
301137500       19790427   4340                7.89                    
301137500       19800410   3450                7.19                    
301137500       19810212   5830                9.00                    
301137500       19820427   3700                7.39                    
301137500       19830503   3500                7.25                    
301137500       19840406   3940                7.60                    
301137500       19850927   2580                6.47                    
301137500       19860127   7520               10.14                    
301137500       19870401   7520               10.142                   
301137500       19880429   7050                9.84                    
301137500       19890805   4090                7.71                    
301137500       19900814   4300                7.87                    
301137500       19910819   3740                7.44                    
301137500       19911006   4380                7.93                    
301137500       19930417   4540                8.05                    
301137500       19940416   4020                7.66                    
301137500       19950117   1930                5.82                    
301137500       19951112  11300               12.34                    
301137500       19961021   5360                8.67                    
301137500       19980614   5000                8.40                    
301137500       19990917   4980                8.39                    
301137500       20000409   6200                9.26                    
301137500       20001218   7440               10.09                    
301137500       20020414   6140                9.22                    
301137500       20030810   3730                7.42                    
301137500       20031218   5540                8.80                    
301137500       20050424   7160                9.91                    
301137500       20051016   3860                7.60                    
301137500       20061028   3590                7.36                    
301137500       20080724   3550                7.32                    
301137500       20081026   3140                6.93                    
301137500       20100125   4210                7.90                    
301137500       20110828   8600               10.90                    
301137500       20120423   3160                6.95                    
301137500       20130131   4040                7.75                    
301137500       20140415   6730                9.75                    
301137500       20141225   2330                6.08                    
301137500       20160225   3160                6.95                    
301137500       20170701   2650                6.432                   
301137500       20171030   9440               11.37                    
301137500       20190420   4390                8.04                    
