Z01139800                       USGS 
H01139800       4405340722010005033017SW010801038.95           1180             
N01139800       EAST ORANGE BRANCH AT EAST ORANGE, VT
Y01139800       
301139800       19590408    164                3.122                   
301139800       19591024    316                4.022                   
301139800       19610602    183                3.442                   
301139800       19620807    236                3.70                    
301139800       19630421    231                3.642                   
301139800       19640519    310                4.022                   
301139800       19641126   78.0                2.722                   
301139800       19660325    1202                                       
301139800       19670503    155                3.122                   
301139800       19680323    189                3.282                   
301139800       19690418    299                3.96                    
301139800       19700424    251                3.712                   
301139800       19710503    425                4.53                    
301139800       19720504    413                4.48                    
301139800       19730630    672                5.55                    
301139800       19731221    316                3.952                   
301139800       19750927    1302                                       
301139800       19760810    483                4.852                   
301139800       19770313    574                5.202                   
301139800       19771017    209                3.722                   
301139800       19790325    211                3.732                   
301139800       19800410    232                3.842                   
301139800       19810513    369                4.452                   
301139800       19820427    211                3.412                   
301139800       19830424    171                4.162                   
301139800       19840405    228                4.092                   
301139800       19841229    106                3.362                   
301139800       19860315    237                4.62                    
301139800       19870613    221                4.05                    
301139800       19880327    206                3.972                   
301139800       19890506    256                4.232                   
301139800       19900723    800                5.90                    
301139800       19901024    194                3.842                   
301139800       19920311    433                4.77                    
301139800       19930417    242                4.04                    
301139800       19940416    272                4.16                    
301139800       19950115   84.0                3.222                   
301139800       19960119    626                5.422                   
301139800       19961021    188                3.83                    
301139800       19980627    513                5.09                    
301139800       19990916    319                4.412                   
301139800       20000328    185                3.812                   
301139800       20001217    2202                                       
301139800       20020414    245                3.16                    
301139800       20030806    178                2.782                   
301139800       20031029    238                3.122                   
301139800       20050403    2102                                       
301139800       20060519    178                2.78                    
301139800       20070711    435                4.05                    
301139800       20080428    375                3.79                    
301139800       20090821    694                5.04                    
301139800       20091024    223                3.042                   
301139800       20110828    719                5.14                    
301139800       20111014    212                2.862                   
301139800       20130710    371                3.422                   
301139800       20140415    541                4.22                    
301139800       20150825    301                3.13                    
301139800       20160225    451                3.782                   
301139800       20170701    475                4.61                    
301139800       20171024    355                4.032                   
301139800       20190415    353                4.022                   
