Z01144000                       USGS 
H01144000       4342510722507005033027SW01080105690            374.53           
N01144000       WHITE RIVER AT WEST HARTFORD, VT
Y01144000       
301144000       19160402  11800               10.80                    
301144000       19170612  15300               12.00                    
301144000       19180403  10700               10.40                    
301144000       19190328  30000               16.00                    
301144000       19200413  18600               13.00                    
301144000       19210321  17200               12.60                    
301144000       19220412  35500               17.10                    
301144000       19230406  17600               12.70                    
301144000       19240419  13200               11.30                    
301144000       19250329  31200               16.25                    
301144000       19260425  19700               13.30                    
301144000       19270314  21100               13.70                    
301144000       19271104 120000               29.30        1761          
301144000       19290426  12800               10.77                    
301144000       19300109  12600               10.68                    
301144000       19310411  14200               11.25                    
301144000       19320412  15000               11.89                    
301144000       19330418  23300               14.32                    
301144000       19340412  22600               14.142                   
301144000       19350110  20000               13.44                    
301144000       19360318  45400               18.89                    
301144000       19370515  23300               14.26                    
301144000       19380922  47600               19.26                    
301144000       19390422  15900               12.20                    
301144000       19400521  19200               13.44                    
301144000       19410415   9180                9.78                    
301144000       19420416  14500               11.72                    
301144000       19430426   9950               10.102                   
301144000       19440410  18600               13.19                    
301144000       19450426  15200               12.04                    
301144000       19451002  19000               13.32                    
301144000       19470603  31100               16.60                    
301144000       19480322  19800               13.50                    
301144000       19481231  31000               16.58                    
301144000       19500405  16700               12.53                    
301144000       19501126  180002                                       
301144000       19520601  29100               16.11                    
301144000       19530327  26300               15.38                    
301144000       19540408  13300               11.342                   
301144000       19550415  14800               11.872                   
301144000       19560430  16400               12.41                    
301144000       19570123  11100               10.52                    
301144000       19580422  20100               13.62                    
301144000       19590403  11300               10.602                   
301144000       19591128  20200               13.63                    
301144000       19610423  11600               10.732                   
301144000       19620408  15100               11.97                    
301144000       19630404   8920                9.79                    
301144000       19640306  23300               14.56                    
301144000       19650422   4100                7.132                   
301144000       19660325   6950                8.782                   
301144000       19670403  19500               13.41                    
301144000       19680322  160002                                       
301144000       19690419  21000               13.88                    
301144000       19700425  18500               13.112                   
301144000       19710504  14300               11.72                    
301144000       19720505  22300               14.26                    
301144000       19730630  42300               19.13                    
301144000       19731221  20500               13.74                    
301144000       19750420  14200               11.69                    
301144000       19760401  34300               17.34                    
301144000       19770314  23200               14.52                    
301144000       19771017  17800               12.90                    
301144000       19790325  15400               12.102                   
301144000       19800410  12500               11.10                    
301144000       19810221  16500               12.48                    
301144000       19820418  24000               14.775                   
301144000       19830504  15100               12.01                    
301144000       19840530  21100               13.91                    
301144000       19850225  10300               10.302                   
301144000       19860331  17600               12.84                    
301144000       19870401  32600               16.952                   
301144000       19880429  15400               12.14                    
301144000       19890506  20300               13.68                    
301144000       19900411  17200               12.722                   
301144000       19901024  16500               12.50                    
301144000       19920312  21200               13.97                    
301144000       19930417  14300               11.752                   
301144000       19940416  20000               13.58                    
301144000       19941206   6920                8.822                   
301144000       19960120  25100               15.09                    
301144000       19961021  15000               12.012                   
301144000       19980627  34500               17.38                    
301144000       19990917  13000               11.282                   
301144000       20000404  18200               13.05                    
301144000       20001218  28800               16.04                    
301144000       20020414  36300               17.78                    
301144000       20030330  16800               12.452                   
301144000       20031029  17400               12.65                    
301144000       20050403  23100               14.39                    
301144000       20060119  19300               13.25                    
301144000       20061029  14700               11.74                    
301144000       20080412  19800               13.42                    
301144000       20090404  11700               10.64                    
301144000       20100323  19800               13.41                    
301144000       20110829  90100               28.36                    
301144000       20120309   8220                9.25                    
301144000       20130420  13300               11.37                    
301144000       20140416  21500               14.11                    
301144000       20150414  11700               10.74                    
301144000       20160225  16800               12.58                    
301144000       20170702  20900               13.91                    
301144000       20180113  15200               12.032                   
301144000       20190415  26900               15.66                    
