Z01195100                       USGS 
H01195100       4118220723151000909007SW011000045.68           34.81            
N01195100       INDIAN RIVER NEAR CLINTON, CT
Y01195100       
301195100       19820605   2600                8.29        1633          
301195100       19830410    266                4.28                    
301195100       19831125    2002                                       
301195100       19850831   76.0                2.73                    
301195100       19860127   86.0                2.85                    
301195100       19870404    157                3.56                    
301195100       19880327    123                3.25                    
301195100       19890811    169                3.72                    
301195100       19891021    2452                                       
301195100       19901014    566                5.39                    
301195100       19920606    220                4.04                    
301195100       19930324    132                3.44                    
301195100       19931206    251                4.22                    
301195100       19941224   64.0                2.83                    
301195100       19960416    175                3.76                    
301195100       19961020    245                4.19                    
301195100       19980124    365                4.74                    
301195100       19990203    146                3.55                    
301195100       20000422    199                3.93                    
301195100       20010322    271                4.32                    
301195100       20020514   87.0                3.07                    
301195100       20030526    207                3.94                    
301195100       20040413    263                4.26                    
301195100       20050329    179                3.77                    
301195100       20051015    329                4.57                    
301195100       20070302    459                4.91                    
301195100       20080308    224                4.07                    
301195100       20081212    224                4.07                    
301195100       20100330    467                4.75                    
301195100       20110417    240                4.05                    
301195100       20111208    189                3.82                    
301195100       20130608    489                4.81                    
301195100       20140330    482                4.80                    
301195100       20141209    191                3.83                    
301195100       20151224   73.0                2.93                    
301195100       20170404    125                3.41                    
301195100       20180925    949                5.85                    
301195100       20181113    185                3.80                    
