Z01350080                       USGS 
H01350080       4222370742447003636095SW0202000532.4           1254.63          
N01350080       MANOR KILL AT WEST CONESVILLE NEAR GILBOA NY
Y01350080       
301350080       19870404   4680                9.763                   
301350080       19871028    955                4.173                   
301350080       19890511    904                3.973                   
301350080       19891020    783                3.673                   
301350080       19901110   1410                5.063                   
301350080       19911123   1480                5.193                   
301350080       19930330   1680                5.493                   
301350080       19940414   1060                4.2423                   
301350080       19941224    587                3.173                   
301350080       19960119   5050               10.203                   
301350080       19961109   1970                5.943                   
301350080       19980614   1870                5.773                   
301350080       19990916   41009               9.043                   
301350080       20000607   2260                6.423                   
301350080       20001217   1340                4.773                   
301350080       20020327    257                2.383                   
301350080       20030321    756                3.4623                   
301350080       20040918   2190                6.313                   
301350080       20050403   2960                7.493                   
301350080       20060628   2220                6.353                   
301350080       20070416   2070                6.103                   
301350080       20080308   1340                4.733                   
301350080       20090731   1340                4.563                   
301350080       20100330   2280                6.303                   
301350080       20110828   65909              11.923                   
301350080       20111123    558                4.006                   
301350080       20130614   1170                4.19                    
301350080       20140625   1270                3.99                    
301350080       20150410    399                2.592                   
301350080       20160225    508                2.872                   
301350080       20170406    991                3.88                    
301350080       20180818    970                3.84                    
301350080       20190415   1300                4.42                    
