Z01350000                       USGS 
H01350000       4219100742612003636039SW02020005237    237     1131.13          
N01350000       SCHOHARIE CREEK AT PRATTSVILLE NY
Y01350000       
301350000       19031009  280007                                       
301350000       19071107  13600                                        
301350000       19090220   8800                                        
301350000       19100426  21500                                        
301350000       19110405   4500                                        
301350000       19120315   9400                                        
301350000       19130327  16500                                        
301350000       19140328   9180                                        
301350000       19150107  13400                                        
301350000       19160225  14300                                        
301350000       19170327   7600                                        
301350000       19171030  16300                                        
301350000       19190903  13900                                        
301350000       19200312  16500                                        
301350000       19210309   7690                                        
301350000       19220307  16800                                        
301350000       19221024   9390                                        
301350000       19240930  29000                                        
301350000       19251113   9650                                        
301350000       19261116  42300                                        
301350000       19271103  11800                                        
301350000       19291023  11200                                        
301350000       19310411   5120                                        
301350000       19320401   5990                                        
301350000       19330824  39000                                        
301350000       19340303   50002                                       
301350000       19350708  27400                                        
301350000       19360318  38500                                        
301350000       19370222  29800               11.303                   
301350000       19380921  45000               15.603                   
301350000       19381206  11900                8.4623                   
301350000       19400331  13300                8.873                   
301350000       19410414   3520                5.2823                   
301350000       19420927  19900               10.743                   
301350000       19421230  10400                8.32123                   
301350000       19431109   8540                7.373                   
301350000       19450919   7370                6.803                   
301350000       19460528   8290                7.3323                   
301350000       19470506  10800                8.293                   
301350000       19471108  10400                8.1923                   
301350000       19481230  17500               10.213                   
301350000       19500328   6440                6.573                   
301350000       19501125  49500               15.503                   
301350000       19511107  21800               11.2223                   
301350000       19521211  28200               12.503                   
301350000       19540521   7460                6.6536                   
301350000       19550813  251009              13.83                    
301350000       19551016  51600               19.14        1904          
301350000       19570406   3790                7.102                   
301350000       19571221  31000               15.07                    
301350000       19590402  15200               11.45                    
301350000       19600912  49900               18.35                    
301350000       19610226  13400               10.95                    
301350000       19620401  11500               10.06                    
301350000       19621206   9230                9.20                    
301350000       19640305   9920                9.482                   
301350000       19650814   3800                6.462                   
301350000       19660325   6150                7.76                    
301350000       19661103   6150                7.76                    
301350000       19680529  15600               11.102                   
301350000       19690728  14300               10.722                   
301350000       19691108  14000               10.642                   
301350000       19710914   7780                8.472                   
301350000       19720622  274009              13.952                   
301350000       19730630  14400               10.412                   
301350000       19731221  24900               13.34                    
301350000       19741208  24800               13.32                    
301350000       19760810  20200               12.082                   
301350000       19770920  14800               10.512                   
301350000       19780109  30600               14.712                   
301350000       19790906  19400               11.872                   
301350000       19800321  39600               16.72                    
301350000       19810220  22200               12.63                    
301350000       19820606   9770                8.992                   
301350000       19830319  10400                9.212                   
301350000       19840405  29500               14.46                    
301350000       19850927  10700                9.31                    
301350000       19860315  17300               11.26                    
301350000       19870404  47600               18.37                    
301350000       19871028  11100                9.38                    
301350000       19890506  13400               10.14                    
301350000       19891020  14300               10.42                    
301350000       19901110  17000               11.19                    
301350000       19911123  10200                9.34                    
301350000       19930417  15300               11.29                    
301350000       19931128  18400               12.21                    
301350000       19950308   8230                8.73                    
301350000       19960119  52800               19.39                    
301350000       19961020  15900               11.46                    
301350000       19980614  16100               11.52                    
301350000       19990916  428009              17.64                    
301350000       20000607  18000               12.08                    
301350000       20001217  23600               13.58                    
301350000       20020327   3260                6.07                    
301350000       20021016   9290                9.172                   
301350000       20040918  26500               14.11                    
301350000       20050403  41500               17.23                    
301350000       20051130  19900               12.93                    
301350000       20070416  20800               12.98                    
301350000       20080305  14900               11.28                    
301350000       20081026  11500               10.10                    
301350000       20100125  29000               14.88                    
301350000       20110828 1200009              24.38                    
301350000       20120918  15400               11.93                    
301350000       20121221  14600               11.69                    
301350000       20140517  14500               11.65                    
301350000       20150930   9480               10.00                    
301350000       20160225  16400               12.03                    
301350000       20170406   8680                9.50                    
301350000       20171030  22200               13.55                    
301350000       20190415  12900               11.00                    
