Z01411300                       USGS 
H01411300       3918250744914003434009SW0204030230.8           0.00             
N01411300       Tuckahoe River at Head of River NJ
Y01411300       
301411300       19710828    315                5.83                    
301411300       19711208    228                5.28                    
301411300       19730203    2001               4.75                    
301411300       19731222   98.01               4.68                    
301411300       19750926    193                4.74                    
301411300       19760102    215                4.53                    
301411300       19770225    111                4.63                    
301411300       19780525    257                5.492                   
301411300       19790226    385                6.23                    
301411300       19800616    210                5.20                    
301411300       19801025    198                5.13                    
301411300       19820105    120                4.742                   
301411300       19830417    336                5.872                   
301411300       19840531    510                6.172                   
301411300       19850928    134                4.792                   
301411300       19860314    129                4.772                   
301411300       19870302    203                4.122                   
301411300       19880213    130                4.772                   
301411300       19890920    240                5.282                   
301411300       19900530    176                4.982                   
301411300       19910113    265                5.482                   
301411300       19920818    299                                        
301411300       19930314    233                5.2512                   
301411300       19940330    433                6.512                   
301411300       19950413   91.0                4.782                   
301411300       19960714    258                5.342                   
301411300       19970822   1340                9.092                   
301411300       19980205    2702                                       
301411300       19990315    178                5.002                   
301411300       20000323    342                5.672                   
301411300       20010322    155                4.892                   
301411300       20020429    136                4.792                   
301411300       20030608    365                5.762                   
301411300       20040414    292                5.492                   
301411300       20050730    266                5.392                   
301411300       20060625    324                5.632                   
301411300       20070417    291                5.492                   
301411300       20080512    152                5.272                   
301411300       20090911    223                5.2412                   
301411300       20100314    512                6.4212                   
301411300       20110828    364                5.9012                   
301411300       20111208    113                4.712                   
301411300       20121030    409                6.552                   
301411300       20140331    260                5.462                   
301411300       20160123    1452                                       
