Z01439500                       USGS 
H01439500       4105170750217004242089SW02040104117            421.13           
N01439500       Bush Kill at Shoemakers, PA
Y01439500       
301439500       19090220   2270                5.00                    
301439500       19100307   1190                3.80                    
301439500       19110614   1120                3.70                    
301439500       19120315   1190                3.80                    
301439500       19130328   1350                4.00                    
301439500       19140329   1350                4.00                    
301439500       19150224   2070                4.75                    
301439500       19160402   1430                4.10                    
301439500       19170327   1510                4.20                    
301439500       19180226   1970                4.70                    
301439500       19190722   2380                5.10                    
301439500       19200724   5250                7.20                    
301439500       19210310   1780                4.50                    
301439500       19220308   1780                4.50                    
301439500       19230324   1270                3.90                    
301439500       19240930   2830                5.50                    
301439500       19250212   1430                4.09                    
301439500       19251116   2380                5.10                    
301439500       19261116   2830                5.50                    
301439500       19271019   1970                4.70                    
301439500       19290315   1190                3.83                    
301439500       19291118   1150                3.75                    
301439500       19310329   1080                3.70                    
301439500       19320401   1430                4.10                    
301439500       19330916   3070                5.70                    
301439500       19340412   1040                3.62                    
301439500       19350710   3330                5.90                    
301439500       19360318   4770                6.92                    
301439500       19370406   1240                3.90                    
301439500       19380125   2070                4.80                    
301439500       19381206   2540                4.99                    
301439500       19400331   2790                5.22                    
301439500       19410406   1220                3.74                    
301439500       19420928   2920                5.28                    
301439500       19421230   1710                4.33                    
301439500       19440425   1500                4.10                    
301439500       19450719   3900                5.99                    
301439500       19460528   2080                4.582                   
301439500       19470406   1580                4.19                    
301439500       19480321   2080                4.59                    
301439500       19481231   1780                4.46                    
301439500       19500329   1540                4.17                    
301439500       19510331   2860                5.62                    
301439500       19511108   2980                5.37                    
301439500       19521211   4680                6.50                    
301439500       19531207    928                3.35                    
301439500       19550819  23400               13.95                    
301439500       19551016   3680                5.96                    
301439500       19570406   1460                4.08                    
301439500       19571221   3050                5.50                    
301439500       19590306   1260                3.80                    
301439500       19600405   1800                4.41                    
301439500       19610226   1890                4.05                    
301439500       19620408   1060                3.09                    
301439500       19630327   2680                4.77                    
301439500       19640310   1800                3.962                   
301439500       19650209    8042                                       
301439500       19660306    8801                                       
301439500       19670315   1200                3.29                    
301439500       19680530   2290                4.44                    
301439500       19690728   7300                8.36                    
301439500       19700402   3130                5.39                    
301439500       19701023   2070                4.38                    
301439500       19720623   3360                5.59                    
301439500       19730203   1730                3.90                    
301439500       19731221   4280                6.34                    
301439500       19741208   2910                5.19                    
301439500       19760128   2830                5.12                    
301439500       19770225   2120                4.43                    
301439500       19780109   4720                6.67                    
301439500       19790125   2830                5.12                    
301439500       19800322   2670                4.97                    
301439500       19810512   2770                5.06                    
301439500       19820204   1300                3.51                    
301439500       19830416   3160                5.18                    
301439500       19840405   3340                5.652                   
301439500       19850927   1420                3.66                    
301439500       19860315   2730                4.92                    
301439500       19870913   2580                4.78                    
301439500       19871130   1260                3.42                    
301439500       19890506   2120                4.34                    
301439500       19891020   3260                5.38                    
301439500       19901204   2470                4.38                    
301439500       19920531   1780                3.77                    
301439500       19930401   3210                5.50                    
301439500       19940328   1750                4.04                    
301439500       19950308   1280                3.65                    
301439500       19960127   4990                7.01                    
301439500       19961202   3060                5.35                    
301439500       19980512   1450                3.78                    
301439500       19990124   1360                3.68                    
301439500       20000228    895                3.09                    
301439500       20001217   1930                4.27                    
301439500       20020529   1210                3.51                    
301439500       20030622   2340                4.68                    
301439500       20040918   5330                7.27                    
301439500       20050403   5670                7.51                    
301439500       20060628   5380                7.31                    
301439500       20070416   2790                5.11                    
301439500       20080309   2750                5.072                   
301439500       20081212   2590                4.92                    
301439500       20100125   1940                4.28                    
301439500       20110828   5480                7.35                    
301439500       20111208   1480                3.80                    
301439500       20130611   1740                4.08                    
301439500       20140501   2030                4.31                    
301439500       20150701   2790                5.11                    
301439500       20160225   22202               4.38                    
301439500       20170407   1970                4.42                    
301439500       20180225   1550                3.95                    
301439500       20190124   2070                4.48                    
