Z01434025                       USGS 
H01434025       4159450743000003636111SW020401043.72           2083.02          
N01434025       BISCUIT BK ABOVE PIGEON BK AT FROST VALLEY NY
Y01434025       
301434025       19840405    532                2.893                   
301434025       19850927    532                2.893                   
301434025       19860315    414                2.683                   
301434025       19870404    815                3.3736                   
301434025       19880326    267                3.233                   
301434025       19890506    318                3.393                   
301434025       19891020    221                3.133                   
301434025       19901110    293                3.283                   
301434025       19911122    217                3.123                   
301434025       19930416    370                3.533                   
301434025       19940416    287                3.30235                   
301434025       19950308    194                2.983                   
301434025       19960119    4002               3.7813                   
301434025       19961109    437                3.693                   
301434025       19980108    252                3.193                   
301434025       19990118    374                3.543                   
301434025       19991102    161                2.8423                   
301434025       20001217    610                4.053                   
301434025       20020310    114                2.593                   
301434025       20030923    231                3.073                   
301434025       20040918    305                3.313                   
301434025       20050402    686                4.323                   
301434025       20060628    266                3.243                   
301434025       20061028    245                3.173                   
301434025       20080308    278                3.283                   
301434025       20090731    308                3.373                   
301434025       20100125    378                3.513                   
301434025       20110828   150029              6.3736                   
301434025       20120918    639                8.55                    
301434025       20130312    232                5.852                   
301434025       20140516    329                6.222                   
301434025       20150527    126                4.99                    
301434025       20160225    277                5.962                   
301434025       20170225    128                5.002                   
301434025       20180817    650                7.50                    
301434025       20181221    471                6.832                   
