Z01440400                       USGS 
H01440400       4105050751254004242089SW0204010465.9           586.50           
N01440400       Brodhead Creek near Analomink, PA
Y01440400       
301440400       19571221   6570                8.31                    
301440400       19590306   3510                6.61                    
301440400       19600211   3140                6.35                    
301440400       19610225   2280                5.70                    
301440400       19620312    972                4.37                    
301440400       19630327   2750                6.07                    
301440400       19640310   2100                5.68                    
301440400       19650208    936                4.522                   
301440400       19660305    643                4.07                    
301440400       19670803   1400                5.06                    
301440400       19680529   2340                5.86                    
301440400       19690728  12900               11.82                    
301440400       19700402   3300                7.11                    
301440400       19701023   1360                5.24                    
301440400       19720623   2760                6.68                    
301440400       19730629   4400                7.85                    
301440400       19731221   4350                7.82                    
301440400       19741208   4350                7.82                    
301440400       19760127   2720                6.61                    
301440400       19770304   2600                6.34                    
301440400       19780109   8270                9.91                    
301440400       19790125   3430                7.04                    
301440400       19800321   4510                7.82                    
301440400       19810211   3000                6.69                    
301440400       19820403   1920                5.65                    
301440400       19830416   4150                7.55                    
301440400       19840405   7240                9.38                    
301440400       19850927   3270                6.89                    
301440400       19851117   1290                4.87                    
301440400       19870913   5790                8.59                    
301440400       19871130   1370                4.97                    
301440400       19890506   3100                6.75                    
301440400       19891020   2530                6.18                    
301440400       19901204   3830                7.27                    
301440400       19920531   1940                5.58                    
301440400       19930401   2670                6.31                    
301440400       19931128   2260                5.91                    
301440400       19950308   1140                4.57                    
301440400       19960119   7120                9.32                    
301440400       19961202   3180                6.76                    
301440400       19980309   2820                6.41                    
301440400       19990916   2810                6.40                    
301440400       20000228    766                3.90                    
301440400       20001217   4830                7.96                    
301440400       20020528   1720                5.27                    
301440400       20030621   2660                6.26                    
301440400       20040918   5720                8.53                    
301440400       20050402   9750               10.59                    
301440400       20060628  11900               11.44                    
301440400       20070416   2280                5.89                    
301440400       20080305   3790                7.46                    
301440400       20081212   3080                6.91                    
301440400       20100125   3050                6.88                    
301440400       20110311   6040                8.86                    
301440400       20120918   2480                6.35                    
301440400       20121221   2540                6.41                    
301440400       20140516   2680                6.54                    
301440400       20150630   4790                8.13                    
301440400       20160225   2560                6.43                    
301440400       20170406   2130                5.98                    
301440400       20180918   2070                5.91                    
301440400       20181221   3050                6.88                    
