Z01440000                       USGS 
H01440000       4106220745709003434037SW0204010464.0           347.73           
N01440000       Flat Brook near Flatbrookville NJ
Y01440000       
301440000       19240407   3040                7.10                    
301440000       19250211   3040                7.10                    
301440000       19260226    575                3.50                    
301440000       19261117    755                3.93                    
301440000       19271208   2000                5.86                    
301440000       19290413    787                3.93                    
301440000       19300610    595                3.68                    
301440000       19310329    605                3.68                    
301440000       19320401    916                4.15                    
301440000       19330824   1500                5.17                    
301440000       19340305    7002               6.401                   
301440000       19350709   1440                5.04                    
301440000       19351031   2640                6.66                    
301440000       19370515    850                4.10                    
301440000       19380922   2980                7.03                    
301440000       19381206   2400                6.37                    
301440000       19400331   1860                5.57                    
301440000       19401115    800                4.00                    
301440000       19420309   1220                4.73                    
301440000       19421126   2120                5.86                    
301440000       19431109   1360                4.93                    
301440000       19450719    800                4.00                    
301440000       19460528   1240                4.75                    
301440000       19470406   2050                5.78                    
301440000       19480317   1420                5.02                    
301440000       19481231   2900                6.94                    
301440000       19500602   1160                4.63                    
301440000       19501126   2370                6.11                    
301440000       19520406   3170                7.24                    
301440000       19530125   2700                6.72                    
301440000       19531207   2360                6.32                    
301440000       19550819   9560               12.58                    
301440000       19551016   21202               6.20                    
301440000       19570406   1370                4.97                    
301440000       19571221   2000                5.86                    
301440000       19590403    844                4.14                    
301440000       19600913   2720                7.05                    
301440000       19610226   1560                5.372                   
301440000       19620313   1040                4.47                    
301440000       19630327   1180                4.71                    
301440000       19640126   1150                4.66                    
301440000       19650208    960                4.31                    
301440000       19660213   1180                4.71                    
301440000       19670330    757                3.94                    
301440000       19680530   2230                6.36                    
301440000       19690805    933                4.26                    
301440000       19700403   2710                7.04                    
301440000       19710228    791                4.02                    
301440000       19720623   1420                5.14                    
301440000       19730203   1690                5.57                    
301440000       19731221   4060                8.56                    
301440000       19750225   1820                5.75                    
301440000       19760128   2030                6.04                    
301440000       19770314   2310                6.45                    
301440000       19780109   2360                6.52                    
301440000       19790125   2140                6.20                    
301440000       19791006   1080                4.53                    
301440000       19810203   2240                6.35                    
301440000       19820204   1730                5.60                    
301440000       19830416   5110                9.52                    
301440000       19840405   2390                6.60                    
301440000       19850928   1040                4.47                    
301440000       19860315   1840                5.82                    
301440000       19870405   1590                5.42                    
301440000       19871130    997                4.39                    
301440000       19890920   1980                6.02                    
301440000       19891021   2700                7.03                    
301440000       19901204   2150                6.27                    
301440000       19920606    981                4.36                    
301440000       19930401   1990                6.04                    
301440000       19940822   1080                4.542                   
301440000       19950309   1200                4.73                    
301440000       19960128   2710                7.04                    
301440000       19961020   1810                5.76                    
301440000       19980511   1040                4.45                    
301440000       19990917   3760                8.26                    
301440000       20000422    987                4.35                    
301440000       20001218   2170                6.30                    
301440000       20020607    724                3.84                    
301440000       20030622   1930                5.95                    
301440000       20040918   3670                8.17                    
301440000       20050403   2880                7.25                    
301440000       20051009   2970                7.37                    
301440000       20070416   4810                9.27                    
301440000       20080305   2490                6.75                    
301440000       20081212   2520                6.79                    
301440000       20100314   2120                6.81                    
301440000       20110828  10200               12.94                    
301440000       20111208   1480                5.22                    
301440000       20130131   1550                5.34                    
301440000       20140501   2050                6.10                    
301440000       20150701   1050                4.47                    
301440000       20160225   2480                6.72                    
301440000       20170407    977                4.33                    
301440000       20180112   1450                5.14                    
301440000       20190125   1700                5.56                    
