Z01451800                       USGS 
H01451800       4039420753738004242077SW0204010653.0           381.16           
N01451800       Jordan Creek near Schnecksville, PA
Y01451800       
301451800       19670307   1090                5.30                    
301451800       19680203    784                4.842                   
301451800       19690728   1050                5.24                    
301451800       19700402   4550                9.05                    
301451800       19710213   4850                9.35                    
301451800       19720622   7100               12.32                    
301451800       19730629   1710                6.87                    
301451800       19731221   1300                6.23                    
301451800       19750924   1830                7.04                    
301451800       19760126   3440                9.01                    
301451800       19770224   2950                8.47                    
301451800       19780126   3420                8.86                    
301451800       19790124   4760               10.26                    
301451800       19791001   1550                6.42                    
301451800       19810202   1780                6.72                    
301451800       19820203   2860                8.12                    
301451800       19830416   2790                8.02                    
301451800       19831213   2930                8.202                   
301451800       19850927   2840                8.09                    
301451800       19851117   1670                6.48                    
301451800       19870908   6380               11.57                    
301451800       19880519   1930                6.86                    
301451800       19890506   3100                8.41                    
301451800       19900130   1540                6.27                    
301451800       19901204   1150                5.78                    
301451800       19920327   1130                5.74                    
301451800       19930324   1320                5.90                    
301451800       19931128   2970                8.09                    
301451800       19950308   1430                6.14                    
301451800       19960119   4730               10.34                    
301451800       19961019   4680               10.30                    
301451800       19980613   1000                5.37                    
301451800       19990118   4150                9.77                    
301451800       20000322   1150                5.65                    
301451800       20010622   2340                7.59                    
301451800       20020415    720                4.68                    
301451800       20030923   4000                9.29                    
301451800       20040918   4160                9.46                    
301451800       20050403   3320                8.52                    
301451800       20051008   4490                9.81                    
301451800       20070302   3230                8.41                    
301451800       20080213   2030                6.87                    
301451800       20081212   2580                7.60                    
301451800       20091203   1430                5.96                    
301451800       20110828   3540                8.77                    
301451800       20111123   2060                6.90                    
301451800       20130702   1390                5.90                    
301451800       20140501   2570                7.59                    
301451800       20150311   25109               7.521                   
301451800       20160225   1870                6.73                    
301451800       20170724   1500                6.09                    
301451800       20180804   3230                8.57                    
301451800       20190124   2250                7.37                    
