Z01466500                       USGS 
H01466500       3953060743019003434005SW020402022.35           117.73           
N01466500       McDonalds Branch in Byrne State Forest NJ
Y01466500       
301466500       19540911   8.00                1.70                    
301466500       19550814   8.00                1.69                    
301466500       19551015   8.00                1.68                    
301466500       19561101   6.00                1.60                    
301466500       19580825   35.0                2.33                    
301466500       19581026   12.0                1.86                    
301466500       19600913   14.0                1.90                    
301466500       19610324   12.0                1.86                    
301466500       19620312   15.0                1.94                    
301466500       19630306   9.00                1.69                    
301466500       19640709   6.00                1.61                    
301466500       19650208   5.00                1.52                    
301466500       19660921   6.00                1.56                    
301466500       19670810   16.0                1.96                    
301466500       19680529   19.0                2.02                    
301466500       19690903   25.0                2.16                    
301466500       19700415   22.0                2.09                    
301466500       19710827   9.00                1.72                    
301466500       19720219   9.00                1.72                    
301466500       19721109   13.0                1.84                    
301466500       19740410   5.00                1.50                    
301466500       19750816   15.0                1.91                    
301466500       19760127   8.80                1.69                    
301466500       19770323   3.80                1.41                    
301466500       19780525   20.0                1.91                    
301466500       19790606   29.0                2.08                    
301466500       19800410   8.40                1.59                    
301466500       19810625   4.30                1.58                    
301466500       19820428   6.50                1.67                    
301466500       19830417   10.0                1.83                    
301466500       19840531   19.0                2.08                    
301466500       19850927   3.20                1.47                    
301466500       19860418   5.80                1.65                    
301466500       19870810   17.0                2.03                    
301466500       19880212   4.50                1.58                    
301466500       19890919   23.0                2.16                    
301466500       19900806   13.0                1.92                    
301466500       19910713   26.0                2.22                    
301466500       19920818   15.0                1.97                    
301466500       19921211   16.0                2.02                    
301466500       19940303   12.0                1.90                    
301466500       19950413   3.80                1.54                    
301466500       19960120   7.70                1.74                    
301466500       19961020   7.90                1.75                    
301466500       19980510   20.0                2.04                    
301466500       19990916   6.00                1.65                    
301466500       20000927   4.10                1.55                    
301466500       20010331   8.40                1.75                    
301466500       20020518   2.00                1.32                    
301466500       20030225   4.60                1.55                    
301466500       20040713   38.0                2.33                    
301466500       20050409   6.80                1.67                    
301466500       20060104   6.00                1.63                    
301466500       20070416   18.0                2.00                    
301466500       20080309   4.50                1.54                    
301466500       20090108   3.80                1.49                    
301466500       20100314   21.0                2.10                    
301466500       20110828   61.0                2.54                    
301466500       20120905   6.40                1.67                    
301466500       20130619   21.0                2.11                    
301466500       20140330   9.40                1.80                    
301466500       20141210   6.80                1.69                    
301466500       20151002   2.90                1.36                    
301466500       20170522   4.10                1.51                    
301466500       20180611   8.36                1.78                    
301466500       20181125   14.1                1.96                    
