Z01484100                       USGS 
H01484100       3854200753045001024001SW020402073.02           34.87            
N01484100       BEAVERDAM BRANCH AT HOUSTON, DE
Y01484100       
301484100       19580825   79.0                4.21                    
301484100       19590715   45.0                3.58                    
301484100       19600912    176                5.55                    
301484100       19610219   60.0                3.82                    
301484100       19620107   63.0                3.94                    
301484100       19630312   80.0                4.13                    
301484100       19640219   45.0                3.58                    
301484100       19650826   16.0                2.76                    
301484100       19660617   26.0                3.10                    
301484100       19670804   76.0                4.17                    
301484100       19680114   37.0                3.28                    
301484100       19690909   60.0                3.89                    
301484100       19700710   59.0                3.86                    
301484100       19710223   35.0                3.32                    
301484100       19720630   50.0                3.67                    
301484100       19721222   55.0                3.68                    
301484100       19740602   31.0                3.14                    
301484100       19750713    115                4.66                    
301484100       19760101   45.0                3.45                    
301484100       19761021   18.0                2.80                    
301484100       19780327   57.0                3.73                    
301484100       19790226    104                4.59                    
301484100       19800429   38.0                3.19                    
301484100       19801025   43.0                3.28                    
301484100       19820427   16.0                2.92                    
301484100       19830416   50.0                3.39                    
301484100       19840530    149                4.60                    
301484100       19850927   41.0                3.51                    
301484100       19860126   18.0                3.00                    
301484100       19861225   62.0                3.90                    
301484100       19880723   31.0                3.26                    
301484100       19890324   44.0                3.59                    
301484100       19900529   60.0                3.84                    
301484100       19910112   32.0                3.31                    
301484100       19920817   39.0                3.47                    
301484100       19930314   54.0                3.78                    
301484100       19940303    119                4.80                    
301484100       19950702   47.0                3.51                    
301484100       19960402   36.0                3.66                    
301484100       19970821    128                5.47                    
301484100       19980128   81.0                4.28                    
301484100       19990916   57.0                3.84                    
301484100       20000322   63.0                3.95                    
301484100       20010617   89.0                4.47                    
301484100       20020901   38.0                3.46                    
301484100       20030608   64.0                3.96                    
301484100       20031106   55.0                3.81                    
301484100       20050520   62.0                3.93                    
301484100       20060706   46.0                3.63                    
301484100       20070416   80.0                4.26                    
301484100       20080605   36.0                3.43                    
301484100       20090823    112                5.03                    
301484100       20091209    163                4.60                    
301484100       20110828    363                5.57                    
301484100       20120523   45.0                3.56                    
301484100       20121030    136                4.43                    
301484100       20131011   57.0                4.181                   
301484100       20150124   55.0                3.71                    
301484100       20160930    143                4.98                    
301484100       20170812    129                4.89                    
301484100       20180528   62.4                4.26                    
301484100       20181125   67.8                4.34                    
