Z01486000                       USGS 
H01486000       3812500754017002424039SW020801104.80           6.20             
N01486000       MANOKIN BRANCH NEAR PRINCESS ANNE, MD
Y01486000       
301486000       19510610   97.0                3.88                    
301486000       19520324   84.0                3.65                    
301486000       19530814    210                5.96                    
301486000       19540417   41.0                3.03                    
301486000       19550813    237                6.63                    
301486000       19560204   54.0                3.372                   
301486000       19561031    154                5.20                    
301486000       19580507    174                5.49                    
301486000       19590808    111                4.51                    
301486000       19600912    184                5.63                    
301486000       19610208    152                5.17                    
301486000       19620107    218                5.21                    
301486000       19630312    224                5.341                   
301486000       19640216    140                4.38                    
301486000       19650801   38.0                2.80                    
301486000       19660213   46.0                3.00                    
301486000       19670824   72.0                3.55                    
301486000       19680318    126                4.22                    
301486000       19690820    547                5.44                    
301486000       19700414    311                3.62                    
301486000       19710828    194                2.72                    
301486000       19750319    265                4.21                    
301486000       19760101   97.0                3.49                    
301486000       19761026   79.0                3.35                    
301486000       19780814    355                5.23                    
301486000       19790906    361                5.28                    
301486000       19800428    201                4.24                    
301486000       19810406   13.0                2.65                    
301486000       19820307   58.0                3.17                    
301486000       19830416    127                4.03                    
301486000       19840405    126                4.01                    
301486000       19850819    347                7.08                    
301486000       19860906   80.0                3.48                    
301486000       19870119   90.0                3.61                    
301486000       19880723   84.0                3.53                    
301486000       19890819    179                4.88                    
301486000       19900529    145                4.36                    
301486000       19910112    129                4.12                    
301486000       19920817    105                3.81                    
301486000       19930313    204                5.27                    
301486000       19940302    303                6.34                    
301486000       19950612   60.0                3.10                    
301486000       19960713    137                3.72                    
301486000       19961214    122                3.57                    
301486000       19980128    332                6.21                    
301486000       19990916    257                4.61                    
301486000       20000321    316                5.78                    
301486000       20010321    314                5.73                    
301486000       20020428   70.0                3.24                    
301486000       20030222   72.0                3.25                    
301486000       20040816    305                5.51                    
301486000       20050708    349                6.82                    
301486000       20060706   97.0                3.22                    
301486000       20070416    176                4.17                    
301486000       20080605    117                3.35                    
301486000       20081212   73.0                2.94                    
301486000       20091209    233                4.91                    
301486000       20110828   76.0                2.98                    
301486000       20120301   52.0                2.66                    
301486000       20121029    288                5.80                    
301486000       20140416   91.0                3.16                    
301486000       20150420   63.0                2.82                    
301486000       20160929    396                7.91                    
301486000       20161009    256                5.20                    
301486000       20180518    307                6.14                    
301486000       20181012    278                5.60                    
