Z01485500                       USGS 
H01485500       3813440752817002424047SW0208011144.9           11.49            
N01485500       NASSAWANGO CREEK NEAR SNOW HILL, MD
Y01485500       
301485500       19500325    215                5.41                    
301485500       19510612    258                5.75                    
301485500       19520326    486                6.70                    
301485500       19530816    988                7.82                    
301485500       19540430    430                6.51                    
301485500       19550814    920                7.57                    
301485500       19551016    348                6.19                    
301485500       19561102    542                6.79                    
301485500       19580321    761                7.36                    
301485500       19590717    597                6.95                    
301485500       19591126    361                6.09                    
301485500       19610210    653                7.10                    
301485500       19620107    669                7.14                    
301485500       19630313    615                7.00                    
301485500       19640410    597                6.95                    
301485500       19650805    121                4.11                    
301485500       19660215    200                5.00                    
301485500       19670825    452                6.64                    
301485500       19680319    434                6.42                    
301485500       19690822    480                6.59                    
301485500       19691227    437                6.43                    
301485500       19710518    347                6.01                    
301485500       19720630   1320                7.63                    
301485500       19730203    760                7.00                    
301485500       19740811    365                6.00                    
301485500       19750320    615                6.73                    
301485500       19760102    416                6.14                    
301485500       19761022    463                6.31                    
301485500       19771220   1270                7.37                    
301485500       19790226   1940                7.95                    
301485500       19791112   1210                7.30                    
301485500       19810223    181                4.49                    
301485500       19820219    386                5.77                    
301485500       19830417    806                6.77                    
301485500       19840330    864                6.86                    
301485500       19850929    635                6.71                    
301485500       19851202    434                6.26                    
301485500       19870121    445                6.29                    
301485500       19880409    400                6.06                    
301485500       19890819   3930                9.07                    
301485500       19900530    636                6.39                    
301485500       19910113    546                6.19                    
301485500       19920819    695                6.51                    
301485500       19930314   1210                7.28                    
301485500       19940303   1760                7.72                    
301485500       19950310    171                4.49                    
301485500       19960814    739                6.54                    
301485500       19961215    660                6.40                    
301485500       19980129   2300                8.13                    
301485500       19990316    598                6.28                    
301485500       20000323   1320                7.31                    
301485500       20010322    781                6.61                    
301485500       20020902   1100                7.06                    
301485500       20030223    564                6.21                    
301485500       20040414    787                6.62                    
301485500       20050709   1170                7.14                    
301485500       20060903    437                5.82                    
301485500       20070417    699                6.47                    
301485500       20080514    338                5.39                    
301485500       20081213    470                5.89                    
301485500       20091113   1660                7.50                    
301485500       20110829    330                5.53                    
301485500       20120302    175                4.53                    
301485500       20121030   1300                7.25                    
301485500       20140331    467                5.78                    
301485500       20150421    325                5.28                    
301485500       20160930   3380                8.782                   
301485500       20170813   1880                7.71                    
301485500       20180519   2400                8.10                    
301485500       20181013   1400                7.14                    
