Z01491000                       USGS 
H01491000       3859490754708002424011SW02060005113            2.73             
N01491000       CHOPTANK RIVER NEAR GREENSBORO, MD
Y01491000       
301491000       19480114   1600                7.95                    
301491000       19481231   1700                8.24                    
301491000       19500911   1050                6.22                    
301491000       19510611    840                5.40                    
301491000       19511222   3640                9.99                    
301491000       19530216   1330                7.08                    
301491000       19531215   1180                6.62                    
301491000       19550814   1140                7.41                    
301491000       19560315    989                6.78                    
301491000       19561103   4140               11.47                    
301491000       19580826   4380               11.74                    
301491000       19590103    758                5.71                    
301491000       19600913   5040               12.45                    
301491000       19610102   24002               9.205                   
301491000       19620409   1580                7.93                    
301491000       19630313   1890                8.47                    
301491000       19640220   1890                8.47                    
301491000       19650306    525                4.59                    
301491000       19660217    150                2.60                    
301491000       19670804   6970               14.47        1935          
301491000       19680319   1620                8.01                    
301491000       19690805   1620                8.02                    
301491000       19691227   1650                8.07                    
301491000       19710224   1570                7.92                    
301491000       19720623   2760                9.71                    
301491000       19730203   2660                9.57                    
301491000       19740401    944                6.28                    
301491000       19750714   2860                9.86                    
301491000       19760102   2080                8.73                    
301491000       19770323    386                3.99                    
301491000       19780327   3180               10.30                    
301491000       19790226   6110               13.61                    
301491000       19800502    904                6.27                    
301491000       19801026    638                5.48                    
301491000       19820220    877                6.16                    
301491000       19830416   3260               10.72                    
301491000       19840330   2600                9.79                    
301491000       19850928   1410                7.54                    
301491000       19860127   1090                6.75                    
301491000       19861225   2060                8.89                    
301491000       19880213   1090                6.75                    
301491000       19890325   2510                9.41                    
301491000       19900530   1960                8.52                    
301491000       19910112   1260                7.17                    
301491000       19920328    744                5.74                    
301491000       19930318   2260                9.03                    
301491000       19940303   4800               12.20                    
301491000       19950309   1490                7.68                    
301491000       19960620   2810                9.262                   
301491000       19961214   5120               12.52                    
301491000       19980129   3120               10.26                    
301491000       19990917   6420               13.92                    
301491000       20000322   3130               10.28                    
301491000       20010618   5240               12.66                    
301491000       20020503    406                4.06                    
301491000       20030224   3090               10.23                    
301491000       20040414   2470                9.35                    
301491000       20050409   2610                9.56                    
301491000       20060627   2860                9.91                    
301491000       20070416   4720               12.56                    
301491000       20080513   2390                9.23                    
301491000       20090823   2890               10.00                    
301491000       20100314   3990               11.61                    
301491000       20110828   8880               17.96                    
301491000       20111208   3900               11.41                    
301491000       20121030   4480               12.17                    
301491000       20140331   2520                9.44                    
301491000       20150119   1770                8.19                    
301491000       20160225   1300                7.28                    
301491000       20170315   1720                8.10                    
301491000       20180212   4270               11.90                    
301491000       20181012   2220                8.96                    
