Z01516500                       USGS 
H01516500       4147270770054004242117SW0205010412.2           1337.50          
N01516500       Corey Creek near Mainesburg, PA
Y01516500       
301516500       19541230    552                4.83                    
301516500       19551014   2210                7.88                    
301516500       19570405    930                5.70                    
301516500       19571226    496                4.69                    
301516500       19590210    840                5.50                    
301516500       19591128    728                5.27                    
301516500       19610509   1450                6.69                    
301516500       19620331    680                5.05                    
301516500       19630313    378                4.172                   
301516500       19640310   1240                6.33                    
301516500       19650207    451                4.44                    
301516500       19660213    892                5.55                    
301516500       19661128    291                3.84                    
301516500       19671102    628                4.92                    
301516500       19681228    338                4.03                    
301516500       19700326    343                4.05                    
301516500       19710227    532                4.67                    
301516500       19720623   5580               10.44                    
301516500       19730317    923                7.44                    
301516500       19731220    845                7.10                    
301516500       19750926   2210                7.97                    
301516500       19760216    447                4.82                    
301516500       19770224    565                5.20                    
301516500       19771104    920                5.91                    
301516500       19790124   1070                6.29                    
301516500       19800321   1070                6.16                    
301516500       19810223    508                4.732                   
301516500       19820605    475                4.47                    
301516500       19830424    402                4.20                    
301516500       19840405   1490                6.99                    
301516500       19841129    176                3.25                    
301516500       19860315    806                5.52                    
301516500       19870404   1180                6.37                    
301516500       19880519   1010                6.03                    
301516500       19890617    502                4.89                    
301516500       19900715    635                5.23                    
301516500       19901023   1380                6.74                    
301516500       19920809    715                5.43                    
301516500       19930416   1890                7.41                    
301516500       19940818   4970               10.15                    
301516500       19950120    766                5.27                    
301516500       19960119   3260                9.07                    
301516500       19961202   1100                6.10                    
301516500       19980228    493                4.58                    
301516500       19990303   1140                6.18                    
301516500       20000404   1050                6.01                    
301516500       20010409    538                4.72                    
301516500       20020605    786                5.40                    
301516500       20030621    766                5.35                    
301516500       20040918   1960                7.58                    
301516500       20050402   1250                6.26                    
301516500       20051129   1440                6.67                    
301516500       20061116    572                4.44                    
301516500       20071223    822                5.13                    
301516500       20090309    302                3.34                    
301516500       20100125   1190                6.11                    
301516500       20110908   3080                8.90                    
301516500       20111223    372                3.50                    
301516500       20130131    764                4.94                    
301516500       20140312    930                5.47                    
301516500       20150408    758                4.92                    
301516500       20160224    843                5.202                   
301516500       20170421    582                4.32                    
301516500       20180918   2230                7.98                    
301516500       20181002   1160                6.05                    
