Z01532000                       USGS 
H01532000       4142270762907004242015SW02050106215            765.53           
N01532000       Towanda Creek near Monroeton, PA
Y01532000       
301532000       19140328   7960                7.073                   
301532000       19150708  19900               10.313                   
301532000       19160330   7080                                        
301532000       19170809  15700                9.503                   
301532000       19180314  10000                8.003                   
301532000       19190722  12900                8.403                   
301532000       19200312   9400                7.803                   
301532000       19210423   4340                5.703                   
301532000       19220307   8800                7.603                   
301532000       19230316   3380                5.003                   
301532000       19240406  12200                8.603                   
301532000       19250211   7650                7.253                   
301532000       19251113   3960                5.503                   
301532000       19261116  22000               11.003                   
301532000       19271019  11800                8.503                   
301532000       19290502   88002               7.603                   
301532000       19300308   5740                6.403                   
301532000       19310401   4310                5.523                   
301532000       19320331   4340                5.703                   
301532000       19330824  18500               10.2035                   
301532000       19340917   6650                6.8035                   
301532000       19341201   8500                7.503                   
301532000       19360318  21200               10.783                   
301532000       19370122   2950                6.003                   
301532000       19371113   5740                6.403                   
301532000       19381210   7300                7.303                   
301532000       19400330  17700               10.003                   
301532000       19410405   8640                7.803                   
301532000       19420523   8860                7.903                   
301532000       19421230  10100                8.093                   
301532000       19440507  16800                9.703                   
301532000       19450303   5470                6.533                   
301532000       19460528  31300               12.533                   
301532000       19470405  19800               10.333                   
301532000       19480414   6260                6.703                   
301532000       19481230   6030                6.623                   
301532000       19500901   8150                7.383                   
301532000       19501125  27400               11.773                   
301532000       19520311  20300               10.383                   
301532000       19521211  10200                7.913                   
301532000       19540504  16600                9.563                   
301532000       19541230   4800                5.423                   
301532000       19551014  10500                7.873                   
301532000       19561102  15000                9.173                   
301532000       19580422   7490                6.833                   
301532000       19590402   6230                6.4513                   
301532000       19600211   8970                7.403                   
301532000       19610225  12100                8.373                   
301532000       19620331   9840                7.723                   
301532000       19630327   5380                5.523                   
301532000       19640310  22200               10.773                   
301532000       19650207   2510                3.783                   
301532000       19660213   7030                6.593                   
301532000       19670709  11600                8.263                   
301532000       19671102   9750                7.673                   
301532000       19681118   4170                5.023                   
301532000       19700402   8920                7.383                   
301532000       19710227   5700                5.923                   
301532000       19720622  74000               16.903                   
301532000       19730202   7680                7.033                   
301532000       19731221   7010                6.783                   
301532000       19750926  50000               15.703                   
301532000       19760217  13800                9.503                   
301532000       19761009   8750               13.50                    
301532000       19780109  18600               14.56                    
301532000       19790306  18500               14.54                    
301532000       19800321   7520               11.86                    
301532000       19810223  10800               12.882                   
301532000       19820606   7140               11.76                    
301532000       19830424   7080               11.74                    
301532000       19831213  24900               15.72                    
301532000       19841129   2410                9.59                    
301532000       19860315  19800               14.79                    
301532000       19870404  14000               13.60                    
301532000       19880519   6680               11.54                    
301532000       19890517   6480               11.47                    
301532000       19891020   6850               11.60                    
301532000       19901023  23900               15.53                    
301532000       19920327  10400               12.70                    
301532000       19930330  10100               12.61                    
301532000       19940818  25000               15.71                    
301532000       19950120   6640               11.53                    
301532000       19960119  67900               20.86                    
301532000       19961202  15100               13.85                    
301532000       19980228  11800               13.08                    
301532000       19990124  13900               13.58                    
301532000       20000228   7280               11.75                    
301532000       20010925   9600               12.47                    
301532000       20020326  16100               14.06                    
301532000       20030601  18200               14.48                    
301532000       20040918  23900               18.99                    
301532000       20050402  11800               15.81                    
301532000       20051130  11600               15.74                    
301532000       20061116   90802              14.43                    
301532000       20080305   8610               14.16                    
301532000       20090309   2660               10.07                    
301532000       20100125  15000               17.13                    
301532000       20110908  64200               20.97                    
301532000       20111123   3550               10.81                    
301532000       20130131   7570               13.53                    
301532000       20140330   9390               14.60                    
301532000       20150421   4170               11.27                    
301532000       20160216   7220               13.31                    
301532000       20161021  17000               17.74                    
301532000       20180814  15500               17.31                    
301532000       20181221   8230               13.73                    
