Z01539000                       USGS 
H01539000       4104410762554004242037SW02050107274            543.84           
N01539000       Fishing Creek near Bloomsburg, PA
Y01539000       
301539000       19360318  176007              11.86                    
301539000       19381210   4420                6.60                    
301539000       19400331  18100               12.08                    
301539000       19410406   3340                5.87                    
301539000       19420523  13400               10.26                    
301539000       19421230  14300               10.74                    
301539000       19431109  12000                9.77                    
301539000       19450919   4790                6.59                    
301539000       19460528  14200               10.69                    
301539000       19470722   4150                6.24                    
301539000       19480415   6120                7.63                    
301539000       19481230  11700                9.71                    
301539000       19500107   5560                7.31                    
301539000       19501204  14000               10.78                    
301539000       19520311  16200               11.49                    
301539000       19521122   8660                8.84                    
301539000       19540417   6140                7.58                    
301539000       19550819   8070                8.54                    
301539000       19551016   7540                8.33                    
301539000       19570406   9610                9.25                    
301539000       19571221   8430                8.74                    
301539000       19590122   8130                8.75                    
301539000       19600404  12200               10.32                    
301539000       19610226  13200               10.63                    
301539000       19620408   5540                7.41                    
301539000       19630327   4050                6.43                    
301539000       19640310  13600               10.72                    
301539000       19650208   2860                5.55                    
301539000       19660214   4760                6.91                    
301539000       19670315   3900                6.26                    
301539000       19671103   3730                6.13                    
301539000       19690616  15300               11.25                    
301539000       19700403   9100                9.20                    
301539000       19710227   3650                6.23                    
301539000       19720622  30900               15.18                    
301539000       19721206   5520                7.05                    
301539000       19731221   5250                7.28                    
301539000       19750926  29400               14.89                    
301539000       19751018   9700                9.43                    
301539000       19761009  19700               12.55                    
301539000       19780327   8120                8.46                    
301539000       19790305  12300               10.15                    
301539000       19800321   5550                7.12                    
301539000       19810202   8430                8.602                   
301539000       19820606   3980                6.15                    
301539000       19830416   9920                9.23                    
301539000       19831213  13000               10.40                    
301539000       19841129   4040                6.29                    
301539000       19860315  17200               11.80                    
301539000       19870913   5720                7.28                    
301539000       19880202   4030                6.27                    
301539000       19890507   7680                8.26                    
301539000       19891020   5220                7.00                    
301539000       19901204   7960                8.44                    
301539000       19920327   5070                6.93                    
301539000       19930411  14300               10.84                    
301539000       19931128   7660                8.20                    
301539000       19941128   8270                8.49                    
301539000       19960119  21300               12.86                    
301539000       19961202  12700               10.05                    
301539000       19980109  13600               10.37                    
301539000       19990124  13000               10.15                    
301539000       20000228   4860                6.52                    
301539000       20001217  10200                9.05                    
301539000       20020514  13200               10.25                    
301539000       20021012   8600                8.36                    
301539000       20040918  15200               10.97                    
301539000       20050403  16300               11.33                    
301539000       20060628  41200               15.82                    
301539000       20061116  10400                9.70                    
301539000       20080305  14800               11.15                    
301539000       20081212   4330                6.84                    
301539000       20100125  17500               11.91                    
301539000       20110908  56000               17.52                    
301539000       20120515   6590                8.22                    
301539000       20130131   4630                7.05                    
301539000       20140416   4340                6.86                    
301539000       20150701   5860                7.81                    
301539000       20160216   3580                6.32                    
301539000       20170502   9000                9.31                    
301539000       20180813  29900               14.23                    
301539000       20190124   7150                8.52                    
