Z01547700                       USGS 
H01547700       4103340773622004242027SW0205020444.1           586.16           
N01547700       Marsh Creek at Blanchard, PA
Y01547700       
301547700       19560308    830                4.29                    
301547700       19570409   1090                4.36                    
301547700       19580228    560                3.402                   
301547700       19590210    970                4.202                   
301547700       19600331    940                4.10                    
301547700       19610226   3300                6.63                    
301547700       19620321    808                3.672                   
301547700       19621004    792                3.64                    
301547700       19640310   2860                6.17                    
301547700       19650210    395                3.23                    
301547700       19660213   1360                4.77                    
301547700       19670315    962                3.57                    
301547700       19680612   1250                4.04                    
301547700       19681118    432                2.60                    
301547700       19700402   1260                4.05                    
301547700       19710227    886                3.39                    
301547700       19720623   4870                6.98                    
301547700       19730202   1360                4.55                    
301547700       19731205   1160                4.37                    
301547700       19750926   2730                5.60                    
301547700       19760127    746                3.92                    
301547700       19770402   1210                4.28                    
301547700       19780109   1170                4.26                    
301547700       19790827   2210                5.23                    
301547700       19791126   2420                5.32                    
301547700       19810223   1360                4.43                    
301547700       19820605    928                3.95                    
301547700       19830620   1170                4.34                    
301547700       19840618   6900                7.85                    
301547700       19850329    622                4.05                    
301547700       19860315   1270                4.642                   
301547700       19861126    578                3.64                    
301547700       19880519   1340                4.20                    
301547700       19890621   1220                4.06                    
301547700       19900204    879                3.72                    
301547700       19910304   1160                4.00                    
301547700       19920327    588                3.37                    
301547700       19930416   2630                5.46                    
301547700       19931128   3100                5.79                    
301547700       19950120   1090                4.24                    
301547700       19960119   5890                7.43                    
301547700       19961202   1770                5.10                    
301547700       19980409   1350                4.72                    
301547700       19990304   1090                4.52                    
301547700       20000418    694                4.02                    
301547700       20010321    585                3.83                    
301547700       20020326   1440                4.96                    
301547700       20030811   1540                5.06                    
301547700       20040918   7080                7.91                    
301547700       20050329   1210                4.73                    
301547700       20051129   2600                5.85                    
301547700       20061116   1310                4.83                    
301547700       20080305   3580                6.42                    
301547700       20090731    984                4.48                    
301547700       20100125   2830                5.99                    
301547700       20101201   2810                7.49                    
301547700       20120503   1300                5.50                    
301547700       20130627   1810                6.38                    
301547700       20140516   1500                5.86                    
301547700       20150718    959                4.59                    
301547700       20160110    468                3.352                   
301547700       20161021   4230                8.36                    
301547700       20180910   2830                7.51                    
301547700       20190618   1500                5.73                    
