Z01548500                       USGS 
H01548500       4131180772652004242081SW02050205604            780.36           
N01548500       Pine Creek at Cedar Run, PA
Y01548500       
301548500       19190522  19500                9.10                    
301548500       19200313  12500                7.50                    
301548500       19210216   5700                5.00                    
301548500       19211129   7230                5.52                    
301548500       19230304   9600                6.30                    
301548500       19240406  16700                8.60                    
301548500       19250212  11500                7.20                    
301548500       19260325   8140                5.802                   
301548500       19261116   8990                6.10                    
301548500       19280606  12200                7.20                    
301548500       19290314  12200                7.16                    
301548500       19291118   5840                5.00                    
301548500       19310524   6120                5.09                    
301548500       19320401   8470                5.91                    
301548500       19321110   7100                5.44                    
301548500       19340412   5980                5.032                   
301548500       19350109   5330                4.822                   
301548500       19360318  30900               11.39                    
301548500       19370827  12300                7.23                    
301548500       19371113  15100                7.96                    
301548500       19390220   9600                6.32                    
301548500       19400331  14700                7.90                    
301548500       19410405   9600                6.33                    
301548500       19420522  16300                8.26                    
301548500       19421230  13500                7.56                    
301548500       19440507   9900                6.40                    
301548500       19450303  10800                6.672                   
301548500       19460528  52000               14.39                    
301548500       19470405  18100                9.01                    
301548500       19480322  18100                8.90                    
301548500       19481230   5130                5.192                   
301548500       19500405  16100                8.35                    
301548500       19501125  33400               11.77                    
301548500       19520311  13300                7.66                    
301548500       19530324  14500                7.95                    
301548500       19540301  17700                8.76                    
301548500       19550304   7240                6.06                    
301548500       19551014  19600                9.19                    
301548500       19561102   8700                6.52                    
301548500       19580407  10500                7.042                   
301548500       19590122  14000                7.9012                   
301548500       19600331  17300                8.66                    
301548500       19610226  19100                9.06                    
301548500       19620331  12900                7.64                    
301548500       19630327  15300                8.252                   
301548500       19640305  21900                9.6612                   
301548500       19650213   3440                4.382                   
301548500       19660213   9950                6.802                   
301548500       19661129   7490                6.05                    
301548500       19680323   8690                6.412                   
301548500       19690520  14100                7.90                    
301548500       19700402   8110                6.222                   
301548500       19701113   8290                6.28                    
301548500       19720623  66000               16.00                    
301548500       19730818  18800                9.18                    
301548500       19740701  10200                7.20                    
301548500       19750926  44300               13.41                    
301548500       19760620  14100                8.372                   
301548500       19770313   8090                6.632                   
301548500       19780514  14000                7.872                   
301548500       19790306  20600                9.48                    
301548500       19791126  15900                8.50                    
301548500       19810220  15200                8.332                   
301548500       19820606  14200                8.15                    
301548500       19830321   6730                5.882                   
301548500       19840214  33000               11.77                    
301548500       19850225   5930                5.572                   
301548500       19860315  13700                8.022                   
301548500       19861126   8380                6.46                    
301548500       19880519  10400                7.102                   
301548500       19890621  11500                7.33                    
301548500       19900411   7170                6.01                    
301548500       19901011  12800                7.70                    
301548500       19920731   7900                6.30                    
301548500       19930401  16700                8.74                    
301548500       19940818  30100               11.31                    
301548500       19950120  11700                7.46                    
301548500       19960119  31400               11.49                    
301548500       19961108  23600               10.10                    
301548500       19980108  14300                8.12                    
301548500       19990125   7500                6.182                   
301548500       20000228   7820                6.29                    
301548500       20010410   9090                6.70                    
301548500       20020514   8430                6.49                    
301548500       20030321  11200                7.33                    
301548500       20040918  34200               11.94                    
301548500       20050403  16200                8.58                    
301548500       20051130  18100                8.98                    
301548500       20070315  12600                7.71                    
301548500       20080206  13600                7.96                    
301548500       20090309   8330                6.462                   
301548500       20100125  16700                8.69                    
301548500       20101201  21700                9.72                    
301548500       20111223   4580                4.85                    
301548500       20130131  13300                7.88                    
301548500       20140516  18900                9.15                    
301548500       20150410   7430                6.12                    
301548500       20151111   7430                6.12                    
301548500       20170506   8960                6.66                    
301548500       20180918  17600                8.96                    
301548500       20181222  12700                7.69                    
