Z01543500                       USGS 
H01543500       4119020780612004242023SW02050202685            769.36           
N01543500       Sinnemahoning Creek at Sinnemahoning, PA
Y01543500       
301543500       19360318  612007              21.94                    
301543500       19390215   8120                7.022                   
301543500       19400331  19100               10.57                    
301543500       19410405  10900                8.01                    
301543500       19420718  59800               21.58                    
301543500       19421230  28300               13.44                    
301543500       19440317  13300                8.78                    
301543500       19450303  18100               10.40                    
301543500       19460528  36700               15.76                    
301543500       19470405   9410                7.42                    
301543500       19480412  16000                9.672                   
301543500       19490128   7450                6.58                    
301543500       19500329  16000                9.68                    
301543500       19501125  52200               19.66                    
301543500       19520127  18400               10.472                   
301543500       19530523  22400               11.67                    
301543500       19540301  24100               12.25                    
301543500       19550301  12700                8.612                   
301543500       19560308  30000               13.87                    
301543500       19570123  12700                8.58                    
301543500       19580407  10400                7.78                    
301543500       19590122  27600               13.20                    
301543500       19600331  17500               10.21                    
301543500       19610226  29000               13.62                    
301543500       19620331  13200                8.76                    
301543500       19630327  18700               10.60                    
301543500       19640310  41800               17.10                    
301543500       19650209   7210                                        
301543500       19660213  17700               10.28                    
301543500       19670929  33400               14.85                    
301543500       19680323   8310                7.092                   
301543500       19690405   8260                7.07                    
301543500       19700402  18500               10.55                    
301543500       19710228  10700                7.942                   
301543500       19720623  60800               21.781                   
301543500       19721206  17300               10.14                    
301543500       19740310  15900                9.67                    
301543500       19750224  26500               12.89                    
301543500       19760217  21500               11.45                    
301543500       19770403  18300               10.48                    
301543500       19780322  13700                8.94                    
301543500       19790305  19200               10.77                    
301543500       19791126  17900               10.55                    
301543500       19810220  20900               11.442                   
301543500       19811028  16800               10.15                    
301543500       19830628  13600                9.14                    
301543500       19840214  24000               12.60                    
301543500       19850312  12300                8.67                    
301543500       19851117  14600                9.49                    
301543500       19861127  12200                8.64                    
301543500       19871130   9820                7.692                   
301543500       19890621  24300               12.69                    
301543500       19900411  10600                8.01                    
301543500       19910304  17100               10.36                    
301543500       19920715  19300               11.12                    
301543500       19930401  16100               10.01                    
301543500       19940818  21400               11.792                   
301543500       19950120   7170                6.59                    
301543500       19960119  47900               19.02                    
301543500       19961108  17300               10.45                    
301543500       19980108  14600                9.47                    
301543500       19990124  15700                9.88                    
301543500       20000404   9280                7.47                    
301543500       20010322   7410                6.71                    
301543500       20020513  16800               10.27                    
301543500       20030801  16400               10.11                    
301543500       20040918  42900               17.78                    
301543500       20050114  15200                9.68                    
301543500       20051130  25100               12.93                    
301543500       20070315  21200               11.72                    
301543500       20080207  19200               11.09                    
301543500       20090309  18100               10.72                    
301543500       20100125  30300               14.45                    
301543500       20101201  38500               16.67                    
301543500       20120127   7290                6.66                    
301543500       20130131  13700                9.16                    
301543500       20140521  24800               12.86                    
301543500       20150930  26100               13.23                    
301543500       20151029   9790                7.68                    
301543500       20170113  10600                7.99                    
301543500       20180911  17800               10.62                    
301543500       20190621  20400               11.48                    
