Z01542810                       USGS 
H01542810       4134440781734004242023SW020502025.24           1263.62          
N01542810       Waldy Run near Emporium, PA
Y01542810       
301542810       19640310    2702               6.13                    
301542810       19650212   88.0                                        
301542810       19660214   95.0                4.262                   
301542810       19670928    828                6.32                    
301542810       19680512    135                4.46                    
301542810       19690405    131                4.44                    
301542810       19700402    233                4.90                    
301542810       19701013    248                4.96                    
301542810       19720622    469                5.86                    
301542810       19721206    245                5.00                    
301542810       19740701    222                4.94                    
301542810       19750224    262                5.10                    
301542810       19760217    224                4.95                    
301542810       19770313    134                4.56                    
301542810       19771214    175                4.74                    
301542810       19790102    190                4.80                    
301542810       19791126    166                4.69                    
301542810       19810429    282                5.102                   
301542810       19811028    312                5.19                    
301542810       19830523    111                4.45                    
301542810       19840214    328                5.24                    
301542810       19850312    200                4.82                    
301542810       19860605    211                4.86                    
301542810       19870912    131                4.54                    
301542810       19871129    122                4.50                    
301542810       19890620    407                5.48                    
301542810       19900411    151                4.63                    
301542810       19910304    168                4.702                   
301542810       19920922    166                4.69                    
301542810       19930330    163                4.69                    
301542810       19940818    277                5.09                    
301542810       19941205   85.0                4.34                    
301542810       19960119    698                6.24                    
301542810       19961108    233                4.94                    
301542810       19980108    195                4.98                    
301542810       19990124    160                4.68                    
301542810       20000404    113                4.48                    
301542810       20010526    128                4.55                    
301542810       20020513    144                4.62                    
301542810       20030809    315                5.21                    
301542810       20031119    299                5.16                    
301542810       20050114    157                4.69                    
301542810       20051129    359                5.34                    
301542810       20061020    226                4.92                    
301542810       20080206    220                4.90                    
301542810       20090309    293                5.14                    
301542810       20100125    418                5.51                    
301542810       20101201    411                5.49                    
301542810       20120509    934                4.59                    
301542810       20130131    167                4.72                    
301542810       20131222    181                4.77                    
301542810       20150726    226                4.92                    
301542810       20151029    134                4.59                    
301542810       20170112    208                4.86                    
301542810       20180911    190                4.802                   
301542810       20190621    247                4.99                    
