Z01549500                       USGS 
H01549500       4128250771352004242081SW0205020537.7           1041.85          
N01549500       Blockhouse Creek near English Center, PA
Y01549500       
301549500       19360318   57807               9.00                    
301549500       19410405   1450                5.39                    
301549500       19411224   3340                7.29                    
301549500       19421230   2300                6.42                    
301549500       19431109   1960                6.06                    
301549500       19450303   1340                5.28                    
301549500       19460527   5480                8.81                    
301549500       19470405   1060                4.86                    
301549500       19480321   1460                5.19                    
301549500       19481120   1360                5.06                    
301549500       19500328   1700                5.57                    
301549500       19510330   5180                8.61                    
301549500       19520311   3240                7.17                    
301549500       19521211   3010                6.96                    
301549500       19540301   2900                6.93                    
301549500       19550304    780                4.142                   
301549500       19551014   3830                7.67                    
301549500       19561102   4010                7.85                    
301549500       19571220   1280                4.962                   
301549500       19590306   1930                5.832                   
301549500       19600331   1500                4.76                    
301549500       19610225   1740                5.10                    
301549500       19620331   1050                4.07                    
301549500       19630326   1220                4.33                    
301549500       19640310   2570                6.17                    
301549500       19650208    591                                        
301549500       19660213   12002               5.031                   
301549500       19661128   1770                5.18                    
301549500       19671018   2180                5.69                    
301549500       19681118   1080                4.282                   
301549500       19700402   1480                4.812                   
301549500       19701022   2110                5.60                    
301549500       19720623   6260                9.34                    
301549500       19730202   3030                5.99                    
301549500       19731029   1260                4.51                    
301549500       19750926   2560                6.31                    
301549500       19760516   1030                4.29                    
301549500       19770224   1210                4.55                    
301549500       19780514   1530                4.842                   
301549500       19790306   2070                5.512                   
301549500       19800321   2690                6.24                    
301549500       19810223   1940                5.32                    
301549500       19820605   1160                4.322                   
301549500       19830616   1030                4.14                    
301549500       19840214   4320                7.62                    
301549500       19841129    847                4.02                    
301549500       19860315   1720                5.30                    
301549500       19861126    9812               4.24                    
301549500       19880519   1320                4.79                    
301549500       19890330    734                4.04                    
301549500       19891020   1000                4.52                    
301549500       19901023   2070                5.92                    
301549500       19920327    863                4.28                    
301549500       19930416   3270                7.11                    
301549500       19940818   4900                8.41                    
301549500       19950120   2300                6.25                    
301549500       19960119   5540                8.84                    
301549500       19961202   3160                7.04                    
301549500       19980108   1630                5.49                    
301549500       19990304   3480                7.29                    
301549500       19991126   2210                6.13                    
301549500       20010924   1240                4.97                    
301549500       20020326    784                4.21                    
301549500       20030320   1380                5.16                    
301549500       20040918   3810                7.56                    
301549500       20050402   2990                6.87                    
301549500       20051129   2760                6.50                    
301549500       20061116   1770                5.36                    
301549500       20071223   1830                5.43                    
301549500       20090309    739                3.57                    
301549500       20100125   2480                6.20                    
301549500       20110908   3250                6.98                    
301549500       20111020    849                3.80                    
301549500       20130131   2030                5.69                    
301549500       20140516   2200                5.88                    
301549500       20150820   1040                4.20                    
301549500       20160224   2020                5.67                    
301549500       20170506   1020                4.22                    
301549500       20180724   2160                6.86                    
301549500       20181222   1530                5.81                    
