Z01543000                       USGS 
H01543000       4124480781150004242023SW02050202272            894.84           
N01543000       Driftwood Br Sinnemahoning Cr at Sterling Run, PA
Y01543000       
301543000       19140328   8340                6.00                    
301543000       19150225   6090                4.97                    
301543000       19160328   9800                6.60                    
301543000       19170815  20000               10.00                    
301543000       19180314  12600                7.70                    
301543000       19190522   7880                5.84                    
301543000       19200313   8110                5.922                   
301543000       19210307   2470                3.222                   
301543000       19211102   4880                4.50                    
301543000       19230521  10800                7.00                    
301543000       19240406   7650                5.70                    
301543000       19250212  12700                7.80                    
301543000       19260323   5240                4.60                    
301543000       19270525   8820                6.20                    
301543000       19280606   9300                6.40                    
301543000       19290315   7420                5.60                    
301543000       19300113   5660                4.82                    
301543000       19310608   4500                4.27                    
301543000       19320508   9550                6.47                    
301543000       19330315   4990                6.10                    
301543000       19340412   3330                5.20                    
301543000       19350508   4380                5.80                    
301543000       19360317  28400               12.00                    
301543000       19370122   8210                7.37                    
301543000       19371218   7660                7.25                    
301543000       19390215   4580                5.90                    
301543000       19400404   7390                7.10                    
301543000       19410405   6130                6.60                    
301543000       19420718  47800               14.70                    
301543000       19421230  14800                8.30                    
301543000       19440317   6620                6.80                    
301543000       19450303   8660                5.99                    
301543000       19460527  21600                9.66                    
301543000       19470405   7080                5.27                    
301543000       19480412   9900                6.52                    
301543000       19490128   3560                3.45                    
301543000       19500328   7520                5.86                    
301543000       19501125  25800               10.65                    
301543000       19520118   9500                6.65                    
301543000       19530523  17000                8.74                    
301543000       19540301  12100                7.45                    
301543000       19550301   6430                5.36                    
301543000       19560308  17800                8.92                    
301543000       19570123   6430                5.11                    
301543000       19580407   4990                4.15                    
301543000       19590122  15400                8.32                    
301543000       19600331   7540                5.55                    
301543000       19610226  16600                8.59                    
301543000       19620331   6530                5.09                    
301543000       19630327   9750                6.58                    
301543000       19640310  20700                9.56                    
301543000       19650212   2720                3.422                   
301543000       19660213   9600                5.90                    
301543000       19670928  22500                9.92                    
301543000       19680512   3280                3.502                   
301543000       19690406   4710                4.30                    
301543000       19700402   8500                6.00                    
301543000       19701013  10100                6.65                    
301543000       19720622  32000               12.20                    
301543000       19721206   7980                5.94                    
301543000       19740701   8460                6.15                    
301543000       19750224  10400                7.11                    
301543000       19760217  11200                7.44                    
301543000       19770403   7940                5.73                    
301543000       19771215   6440                4.90                    
301543000       19790306   8320                6.01                    
301543000       19791126   6820                6.38                    
301543000       19810220  13100                7.68                    
301543000       19811028   9020                6.28                    
301543000       19830628   4640                3.66                    
301543000       19840618  17100                8.19                    
301543000       19850312   7460                4.94                    
301543000       19851117   5350                4.80                    
301543000       19870912   3380                3.45                    
301543000       19871129   4200                4.08                    
301543000       19890621  18400                9.27                    
301543000       19900411   4380                4.21                    
301543000       19910304   8580                6.29                    
301543000       19920715  11200                7.21                    
301543000       19930401   7400                6.00                    
301543000       19940818  12400                7.55                    
301543000       19950120   3470                3.09                    
301543000       19960119  26700               11.17                    
301543000       19961108   9010                6.22                    
301543000       19980108   7340                5.45                    
301543000       19990124   7060                5.31                    
301543000       20000404   4490                3.81                    
301543000       20010322   3480                3.10                    
301543000       20020513   8640                6.06                    
301543000       20030801   7890                6.34                    
301543000       20040918  19800                9.88                    
301543000       20050114   6650                5.73                    
301543000       20051129  14900                8.64                    
301543000       20070315   9600                6.99                    
301543000       20080207   9520                6.96                    
301543000       20090309  12900                8.08                    
301543000       20100125  17400                9.30                    
301543000       20101201  23300               10.65                    
301543000       20111123   3260                3.03                    
301543000       20130131   5840                5.16                    
301543000       20131222   6570                5.68                    
301543000       20150930  14600                8.55                    
301543000       20151029   4670                4.22                    
301543000       20170113   5770                5.11                    
301543000       20180113   6740                5.79                    
301543000       20190621  11500                7.66                    
