Z01552000                       USGS 
H01552000       4119300765446004242081SW02050206435            586.33           
N01552000       Loyalsock Creek at Loyalsockville, PA
Y01552000       
301552000       19251113   7090                6.80                    
301552000       19261116  30500               12.30                    
301552000       19280630  14300                9.00                    
301552000       19290503  20700               10.50                    
301552000       19300407   6220                6.44                    
301552000       19310329   9530                7.66                    
301552000       19320401  10800                8.06                    
301552000       19330824  29800               12.20                    
301552000       19340401   9810                7.752                   
301552000       19341201  15400                9.31                    
301552000       19360318  26200               11.58                    
301552000       19370811   7490                6.94                    
301552000       19371023  15200                9.25                    
301552000       19381210  12800                8.61                    
301552000       19400901  16800                9.62                    
301552000       19410405  11700                8.32                    
301552000       19411224  17800                9.87                    
301552000       19421230  15100                9.22                    
301552000       19440507  16200                9.49                    
301552000       19450303   9560                7.67                    
301552000       19460528  29800               12.20                    
301552000       19470405  12000                8.40                    
301552000       19480414  10300                7.902                   
301552000       19481230  13100                8.71                    
301552000       19500328  11600                8.29                    
301552000       19501126  30500               12.32                    
301552000       19520311  21700               10.70                    
301552000       19521211  13500                8.81                    
301552000       19540504  10600                8.01                    
301552000       19541230   8150                7.18                    
301552000       19551014  13500                8.82                    
301552000       19561102  27400               11.78                    
301552000       19571221  18300                9.98                    
301552000       19590122  12600                8.57                    
301552000       19600331  15400                9.28                    
301552000       19610226  17100                9.71                    
301552000       19620401  14200                8.97                    
301552000       19630327  13300                8.76                    
301552000       19640310  21100               10.59                    
301552000       19650208   7000                6.75                    
301552000       19660213  11100                8.16                    
301552000       19661129  10200                7.88                    
301552000       19671103  12200                8.46                    
301552000       19681119   9000                7.48                    
301552000       19700403  15000                9.18                    
301552000       19701022   8100                7.172                   
301552000       19720623  47900               14.74                    
301552000       19730203  15500                9.32                    
301552000       19731221  16500                9.56                    
301552000       19750926  46000               14.50                    
301552000       19751018  18300                9.98                    
301552000       19761009  22700               10.90                    
301552000       19780109  25200               11.38                    
301552000       19790306  22000               10.78                    
301552000       19800321  14200                8.97                    
301552000       19810224  17300                9.752                   
301552000       19820606  11800                8.342                   
301552000       19830416  13100                8.70                    
301552000       19831214  29700               12.18        1975          
301552000       19841129   9400                7.62                    
301552000       19860315  25500               11.44                    
301552000       19870404  16100                9.45                    
301552000       19880829  28600               12.41                    
301552000       19890507   8050                7.83                    
301552000       19891020  12000                9.02                    
301552000       19901023  23800               11.60                    
301552000       19920327   9590                8.34                    
301552000       19930401  16400               10.08                    
301552000       19940818  22200               11.30                    
301552000       19950120   9890                8.42                    
301552000       19960119  55800               17.93                    
301552000       19961202  16700               11.19                    
301552000       19980109  16100               11.05                    
301552000       19990124  16300               11.09                    
301552000       20000228   7710                8.34                    
301552000       20001217  14100                9.60                    
301552000       20020326  14700                9.76                    
301552000       20021012  14300                9.65                    
301552000       20040918  40400               15.24                    
301552000       20050403  19400               10.85                    
301552000       20051130  20700               11.07                    
301552000       20061117  18300               10.43                    
301552000       20080305  19900               10.86                    
301552000       20081212   4370                5.342                   
301552000       20100125  34900               14.20                    
301552000       20110907  69100               19.78                    
301552000       20120515   8100                6.21                    
301552000       20130131  14100                8.00                    
301552000       20140330  15700                8.46                    
301552000       20150421   9970                7.06                    
301552000       20160216  16300                8.64                    
301552000       20161021  29100               12.11                    
301552000       20180814  27300               11.66                    
301552000       20181221  16300                9.25                    
