Z01550000                       USGS 
H01550000       4125050770200004242081SW02050206173            693.95           
N01550000       Lycoming Creek near Trout Run, PA
Y01550000       
301550000       19140328   5760               10.28                    
301550000       19150708   7420               11.30                    
301550000       19160617   6740               10.80                    
301550000       19170809   4930                9.30                    
301550000       19180314   5970               10.20                    
301550000       19190722   8550               12.14                    
301550000       19200312   4080                8.50                    
301550000       19201214   4380                8.80                    
301550000       19220603   7280               11.24                    
301550000       19230316   2690                7.10                    
301550000       19240406  11000               13.80                    
301550000       19250211   5150                9.50                    
301550000       19251113   3380                7.80                    
301550000       19261116  15400               16.30                    
301550000       19280606   8000               11.00                    
301550000       19290314   4580                8.42                    
301550000       19300308   2860                6.80                    
301550000       19310523   2760                6.74                    
301550000       19320331   2660                6.60                    
301550000       19330824  11800               13.90                    
301550000       19340411   3920                7.84                    
301550000       19341201   5780                9.40                    
301550000       19360318  17000               17.34                    
301550000       19370406   3100                6.60                    
301550000       19371113  11500               13.74                    
301550000       19390220   3300                6.80                    
301550000       19400331   6630               10.10                    
301550000       19410405   5220                8.98                    
301550000       19411224  11500               13.74                    
301550000       19421230   5720                9.43                    
301550000       19431109   8710               11.71                    
301550000       19450528   4760                8.58                    
301550000       19460527  21800               19.37                    
301550000       19470405   5550                8.92                    
301550000       19480321   5550                8.90                    
301550000       19481120   6810                9.83                    
301550000       19500404   5420                8.79                    
301550000       19501125  10900               12.58                    
301550000       19520311   9700               11.78                    
301550000       19521211  10400               12.31                    
301550000       19540301   8800               11.24                    
301550000       19550304   3020                6.73                    
301550000       19551014  16800               16.40                    
301550000       19561102  10300               12.21                    
301550000       19571221   7930               10.61                    
301550000       19590402   7090                9.96                    
301550000       19600331   6420               10.09                    
301550000       19610226   8800               11.80                    
301550000       19620407   6800               10.35                    
301550000       19630326   6480               10.15                    
301550000       19640310  11200               13.33                    
301550000       19650208   1860                5.90                    
301550000       19660213   4340                8.42                    
301550000       19661128   6060                9.83                    
301550000       19680323   5160                9.12                    
301550000       19681119   3440                7.60                    
301550000       19700402   5100                9.07                    
301550000       19701022   6190                9.93                    
301550000       19720622  25900               20.19                    
301550000       19730202   8160               11.37                    
301550000       19740222   3920                8.04                    
301550000       19750926  18400               17.04                    
301550000       19760127   4120                7.52                    
301550000       19770304   6460                9.36                    
301550000       19780109   9060               11.26                    
301550000       19790306  12000               13.22                    
301550000       19791126   9350               11.36                    
301550000       19810223  10000               11.77                    
301550000       19820606   6440                9.32                    
301550000       19830430   3900                7.332                   
301550000       19840214  17900               15.85                    
301550000       19841129   3920                7.32                    
301550000       19860315   9180               10.65                    
301550000       19861126   4300                7.272                   
301550000       19880519   6050                9.29                    
301550000       19890617   3740                7.40                    
301550000       19891020   4190                7.80                    
301550000       19901013   9160               11.46                    
301550000       19920327   4040                7.52                    
301550000       19930416   8520               11.03                    
301550000       19940818  16900               15.91                    
301550000       19950120   8620               11.07                    
301550000       19960119  32000               22.68                    
301550000       19961202  11000               12.25                    
301550000       19980218   6250                9.37                    
301550000       19990124   8360               11.03                    
301550000       19991126   6700                9.93                    
301550000       20001217   4000                7.91                    
301550000       20020326   4880                8.62                    
301550000       20030320   7430               10.42                    
301550000       20040918  17100               15.78                    
301550000       20050402  12600               13.63                    
301550000       20051130  11900               13.31                    
301550000       20061116   5570                9.77                    
301550000       20071223   7710               11.05                    
301550000       20090309   3190                7.52                    
301550000       20100125  14000               14.38                    
301550000       20110908  26600               20.22                    
301550000       20111024   3530                7.42                    
301550000       20130131   8800               11.46                    
301550000       20140516   7040               10.17                    
301550000       20150704   4450                8.28                    
301550000       20160216   6320                9.85                    
301550000       20161021  20300               17.28                    
301550000       20180725  10800               12.46                    
301550000       20181222   7870               10.80                    
