Z01568000                       USGS 
H01568000       4019240771009004242099SW02050305207            422.63           
N01568000       Sherman Creek at Shermans Dale, PA
Y01568000       
301568000       19270722  440007              20.34                    
301568000       19291023   7050                8.60                    
301568000       19310523   3460                6.18                    
301568000       19320331   2320                5.08                    
301568000       19330824  22300               14.05                    
301568000       19340917   8060                9.06                    
301568000       19341201  16700               12.28                    
301568000       19360312  11000               10.28                    
301568000       19370427   9330                9.87                    
301568000       19371113   8360                9.43                    
301568000       19390228   2980                5.71                    
301568000       19400420   5790                7.87                    
301568000       19410405   3080                5.82                    
301568000       19420522  11800               11.14                    
301568000       19421230   7620                9.02                    
301568000       19440507   6100                8.06                    
301568000       19450918   4780                7.18                    
301568000       19460527   9930               10.22                    
301568000       19470525   4780                7.24                    
301568000       19480513   4380                6.93                    
301568000       19481230   5490                7.94                    
301568000       19500820   5520                7.87                    
301568000       19501125  12700               11.48                    
301568000       19520311  17800               13.59                    
301568000       19521122  12700               11.51                    
301568000       19540301   4710                7.32                    
301568000       19550813   6260                9.07                    
301568000       19551014  10000               10.90                    
301568000       19561102  18300               12.75                    
301568000       19571220   4700                7.19                    
301568000       19590902   4050                6.74                    
301568000       19600404   6670                8.36                    
301568000       19610226   5300                7.56                    
301568000       19620228   4290                6.93                    
301568000       19621004   7680                8.922                   
301568000       19640430   4420                7.02                    
301568000       19650208   4070                6.772                   
301568000       19660213  10600               10.15                    
301568000       19670306   5090                7.47                    
301568000       19680529  10500               10.13                    
301568000       19690325   4560                7.22                    
301568000       19700403  10500               10.14                    
301568000       19710223   5910                7.97                    
301568000       19720623  27500               18.09        1927          
301568000       19730918   4240                8.08                    
301568000       19731221   3490                7.01                    
301568000       19750926   9190               11.23                    
301568000       19751018   8150               10.66                    
301568000       19761009  15500               14.15                    
301568000       19780515   8360               10.14                    
301568000       19790124  11400               12.02                    
301568000       19800321   7880                9.93                    
301568000       19810223   9580               10.96                    
301568000       19820613   3060                6.20                    
301568000       19830425   3500                6.62                    
301568000       19840214  20300               16.10                    
301568000       19850212   4590                7.57                    
301568000       19860315   7140                9.45                    
301568000       19870404   4030                7.10                    
301568000       19871130   4080                7.14                    
301568000       19890716  12500               12.57                    
301568000       19900530   2480                5.59                    
301568000       19901013   8050               10.05                    
301568000       19920327   4160                7.22                    
301568000       19930401   8070               10.06                    
301568000       19931128  10400               11.42                    
301568000       19950120   7420                9.82                    
301568000       19960907  16700               14.56                    
301568000       19970911   8520               10.52                    
301568000       19971108   7790               10.06                    
301568000       19990124   6100                8.91                    
301568000       20000322   2610                5.77                    
301568000       20010622   3230                6.49                    
301568000       20020518   3110                6.36                    
301568000       20030321   6190                8.98                    
301568000       20040918  21700               16.31                    
301568000       20050329   7200                9.68                    
301568000       20060628  10800               11.83                    
301568000       20061117   4630                7.75                    
301568000       20080305  10300               11.57                    
301568000       20090529  16900               13.62                    
301568000       20100125  10700               10.62                    
301568000       20110311  13000               11.82                    
301568000       20111123   8520                9.54                    
301568000       20121030   8710                9.64                    
301568000       20140516  16400               13.41                    
301568000       20150421   4140                6.72                    
301568000       20160225   5620                7.82                    
301568000       20170812   4450                7.01                    
301568000       20180416   7950                9.37                    
301568000       20190419   5890                8.74                    
