Z01567500                       USGS 
H01567500       4022150772409004242099SW0205030515.0           601.22           
N01567500       Bixler Run near Loysville, PA
Y01567500       
301567500       19540301    517                4.5223                   
301567500       19550813   1080                6.77                    
301567500       19551014   1060                6.76                    
301567500       19561101   5300               10.39                    
301567500       19580227    559                5.87                    
301567500       19590122    925                6.56                    
301567500       19600404    594                5.93                    
301567500       19610621    641                6.04                    
301567500       19620224    770                6.30                    
301567500       19630306    641                6.06                    
301567500       19640305    279                5.08                    
301567500       19650207    732                6.232                   
301567500       19660213   1160                6.87                    
301567500       19670306    665                6.10                    
301567500       19671025    627                6.02                    
301567500       19690325    270                5.05                    
301567500       19700710    844                6.49                    
301567500       19710223    476                5.67                    
301567500       19720716   2850                9.69                    
301567500       19730918   1010                6.50                    
301567500       19740512    265                4.86                    
301567500       19750926    964                6.46                    
301567500       19751018   1040                6.83                    
301567500       19761009   1320                7.92                    
301567500       19780627   3250               10.03                    
301567500       19790124   1050                7.42                    
301567500       19800321   1070                6.77                    
301567500       19810211   1550                8.22                    
301567500       19820601    7611               6.27                    
301567500       19830522    476                5.69                    
301567500       19840214   3100                9.95                    
301567500       19850212    412                5.96                    
301567500       19860315   1100                7.57                    
301567500       19870404    399                5.84                    
301567500       19871129    450                6.01                    
301567500       19890620   7100               12.90                    
301567500       19900505    272                5.14                    
301567500       19901023    750                6.83                    
301567500       19920421    313                5.20                    
301567500       19930410    727                6.16                    
301567500       19931128   1050                7.43                    
301567500       19950120    800                6.95                    
301567500       19960119   1250                7.95                    
301567500       19970911   1660                8.47                    
301567500       19980108    702                6.91                    
301567500       19990827    779                7.15                    
301567500       19991214    305                5.55                    
301567500       20010622    391                6.16                    
301567500       20020518    225                5.28                    
301567500       20030811    524                6.59                    
301567500       20040918   4560               11.00                    
301567500       20041223    674                6.92                    
301567500       20060627   1640                8.23                    
301567500       20061116   1040                7.47                    
301567500       20080305    959                7.35                    
301567500       20081219    297                5.74                    
301567500       20100125   1020                7.44                    
301567500       20110909   4810               11.20                    
301567500       20111123    731                6.94                    
301567500       20121030   1410                7.97                    
301567500       20140516   2850                9.51                    
301567500       20150311    319                5.66                    
301567500       20160224    953                7.32                    
301567500       20170811    740                6.92                    
301567500       20180725    869                7.17                    
301567500       20181216    532                6.42                    
