Z01580000                       USGS 
H01580000       3937470762411002424025SW0205030694.4           249.60           
N01580000       DEER CREEK AT ROCKS, MD
Y01580000       
301580000       19261116   9080               15.45                    
301580000       19280817   4760               11.08                    
301580000       19290226   2280                7.05                    
301580000       19291022   3790                9.61                    
301580000       19310810   2560                7.50                    
301580000       19320328   2620                7.60                    
301580000       19330823  13600               17.70                    
301580000       19340917   9900               15.90                    
301580000       19350904   6600               13.40                    
301580000       19360311   3250                8.71                    
301580000       19370705   6420               13.20                    
301580000       19371113   5260               11.80                    
301580000       19390613   3430                9.04                    
301580000       19400925   3010                8.26                    
301580000       19410623   7100               13.91                    
301580000       19420522   3310                8.77                    
301580000       19430713   3370                8.94                    
301580000       19431109   4820               11.16                    
301580000       19450101   3730                9.47                    
301580000       19460602   3610                9.32                    
301580000       19470614   3070                8.41                    
301580000       19480723   3670                9.42                    
301580000       19490713   5040               11.53                    
301580000       19500831   3730                9.48                    
301580000       19510810   6420               13.23                    
301580000       19520901   3670                9.43                    
301580000       19521121   3200                8.62                    
301580000       19540502   2130                6.71                    
301580000       19550818   4190               10.25                    
301580000       19560721   2450                7.30                    
301580000       19561102   3700                9.45                    
301580000       19580125   3740                9.51                    
301580000       19590625   2500                7.40                    
301580000       19600912   3900                9.78                    
301580000       19610101   1740                6.501                   
301580000       19620226   2470                7.33                    
301580000       19630306   2130                6.712                   
301580000       19640109   2610                7.59                    
301580000       19650208   2470                7.34                    
301580000       19660213   3510                9.14                    
301580000       19670804   3920                9.82                    
301580000       19680910   5100               11.59                    
301580000       19690728   1690                5.91                    
301580000       19700823   3240                8.16                    
301580000       19710802   4520               10.05                    
301580000       19720622  12200               17.09                    
301580000       19721114   3180                8.07                    
301580000       19731226   2340                6.69                    
301580000       19750713   4950               10.67                    
301580000       19760916   3850                9.09                    
301580000       19770405   2380                6.77                    
301580000       19780126   7770               13.44                    
301580000       19790922   6160               11.81                    
301580000       19791001   21001                                       
301580000       19810223   1630                5.49                    
301580000       19820203   3290                7.95                    
301580000       19830415   3940                8.84                    
301580000       19840701   6280               11.95                    
301580000       19850212   8080               13.73                    
301580000       19851105    943                4.38                    
301580000       19861225   2930                7.45                    
301580000       19880120   2850                7.34                    
301580000       19890506   8950               14.53                    
301580000       19900714   3950                8.86                    
301580000       19901110   2720                7.14                    
301580000       19920327   1280                4.96                    
301580000       19930304   2960                7.49                    
301580000       19931128   8450               14.08                    
301580000       19950120   3350                8.03                    
301580000       19960119   8730               14.33                    
301580000       19961108   3750                8.59                    
301580000       19980321   2470                6.77                    
301580000       19990916   3730                8.56                    
301580000       20000321   2590                6.95                    
301580000       20001217   2450                6.75                    
301580000       20020320    332                3.09                    
301580000       20030923   2900                7.40                    
301580000       20040615   6510               12.21                    
301580000       20050708   2940                7.46                    
301580000       20060628   6810               12.51                    
301580000       20061116   6590               12.29                    
301580000       20080201   2600                6.97                    
301580000       20090911   2280                6.49                    
301580000       20100930   6870               12.57                    
301580000       20110907   7260               12.96                    
301580000       20111123   3600                8.38                    
301580000       20130131   5020               10.27                    
301580000       20140430   5200               10.53                    
301580000       20150930   5210               10.55                    
301580000       20160224   3140                7.74                    
301580000       20170406   2270                6.47                    
301580000       20180831   4600                9.71                    
301580000       20190322   4250                9.26                    
