Z01586610                       USGS 
H01586610       3927060765719002424013SW0206000328.0           422.00           
N01586610       MORGAN RUN NEAR LOUISVILLE, MD
Y01586610       
301586610       19830415   1010                5.17                    
301586610       19831213    929                5.00                    
301586610       19850212   3350                8.26                    
301586610       19860416    304                3.27                    
301586610       19870908   1050                5.25                    
301586610       19880120   1010                5.17                    
301586610       19890506   3400                8.30                    
301586610       19891116    548                4.04                    
301586610       19901023   3040                7.94                    
301586610       19920327    511                3.84                    
301586610       19930304   1380                5.76                    
301586610       19931128   3060                7.89                    
301586610       19950120    986                4.74                    
301586610       19960119   3550                8.45                    
301586610       19961213   1200                5.17                    
301586610       19980623   1110                5.00                    
301586610       19990916   1070                4.92                    
301586610       20000321    577                3.76                    
301586610       20001217    577                3.76                    
301586610       20011125    163                2.31                    
301586610       20030923   3010                7.83                    
301586610       20031211   3860                8.74                    
301586610       20050402   1130                5.04                    
301586610       20060628   1910                6.36                    
301586610       20061116   2140                6.70                    
301586610       20080201    891                4.60                    
301586610       20090828    958                4.75                    
301586610       20091209   1160                5.17                    
301586610       20110908   1260                5.36                    
301586610       20111123   1760                6.20                    
301586610       20130131   3830                8.71                    
301586610       20140516   1970                6.53                    
301586610       20150601   2180                6.82                    
301586610       20160203    995                4.81                    
301586610       20170505    926                4.66                    
301586610       20180804   4810               10.71                    
301586610       20190708   2310                7.07                    
