Z01583500                       USGS 
H01583500       3930380764035002424005SW0206000359.8           262.08           
N01583500       WESTERN RUN AT WESTERN RUN, MD
Y01583500       
301583500       19450727   3700                9.02                    
301583500       19460818   5320               10.62                    
301583500       19470608    850                3.97                    
301583500       19480101   2600                7.77                    
301583500       19490713   1440                5.68                    
301583500       19500910   4600                9.88                    
301583500       19510704   2170                7.20                    
301583500       19520901   4500                9.75                    
301583500       19521121   3390                8.55                    
301583500       19540301    914                4.07                    
301583500       19550813   4030                9.29                    
301583500       19560721   5590               10.84                    
301583500       19561023   1020                4.36                    
301583500       19580125   2810                7.82                    
301583500       19590102   1150                4.69                    
301583500       19600508    998                4.31                    
301583500       19610413    869                3.93                    
301583500       19620226   1600                5.81                    
301583500       19630306   1860                6.32                    
301583500       19640109   2210                6.93                    
301583500       19650207   1720                6.03                    
301583500       19660213   1820                6.23                    
301583500       19670827   2610                7.53                    
301583500       19680910   3320                8.46                    
301583500       19690728    936                4.29                    
301583500       19700210   1130                4.76                    
301583500       19710208   3010                8.08                    
301583500       19720622  38000               26.00                    
301583500       19721208   1790                6.18                    
301583500       19740330    988                4.42                    
301583500       19750926   7990               12.56                    
301583500       19760126   2000                5.74                    
301583500       19770405   1390                4.65                    
301583500       19780126   4370                9.07                    
301583500       19790906   8800               13.22                    
301583500       19791001   4160                8.82                    
301583500       19810223   1030                3.97                    
301583500       19820203   2430                6.52                    
301583500       19830415   2020                5.93                    
301583500       19840707   2330                6.38                    
301583500       19850212   5510                9.86                    
301583500       19860416    440                2.59                    
301583500       19870908   3500                7.91                    
301583500       19880120   2350                6.43                    
301583500       19890506   5640                9.99                    
301583500       19891116   2720                6.95                    
301583500       19901110   1440                5.20                    
301583500       19920327    890                4.03                    
301583500       19930304   2710                6.94                    
301583500       19931128   5700               10.05                    
301583500       19950120   1280                4.81                    
301583500       19960119   5520                9.89                    
301583500       19961108   2770                7.02                    
301583500       19980309   1960                5.94                    
301583500       19990916   1680                5.50                    
301583500       19991214   1060                4.39                    
301583500       20001217   1750                5.62                    
301583500       20020320    183                1.65                    
301583500       20030923   2110                6.15                    
301583500       20040206   3310                7.65                    
301583500       20050708   2750                6.99                    
301583500       20051008   2250                6.35                    
301583500       20061116   2530                6.72                    
301583500       20080927   4360                8.77                    
301583500       20090828    939                4.04                    
301583500       20091209   1790                5.61                    
301583500       20110907   9890               13.26                    
301583500       20120826   6710               10.91                    
301583500       20130131   6080               10.15                    
301583500       20140430   3780                7.80                    
301583500       20150930   5060                9.17                    
301583500       20160224   1800                5.19                    
301583500       20170406   1740                5.10                    
301583500       20180724   7440               11.35                    
301583500       20190322   3700                7.72                    
