Z01594950                       USGS 
H01594950       3916360792325002424023SW020700022.30           2441.53          
N01594950       MCMILLAN F NEAR FORT PENDLETON, MD
Y01594950       
301594950       19870119   48.0                2.42                    
301594950       19880120   64.0                2.81                    
301594950       19890713   93.0                3.18                    
301594950       19900526    194                4.91                    
301594950       19901230   91.0                3.30                    
301594950       19920711                       4.611                   
301594950       19930401    106                3.56                    
301594950       19940210    414                7.23                    
301594950       19950806    307                5.91                    
301594950       19960119    286                5.99                    
301594950       19961201    100                3.45                    
301594950       19980630   87.0                3.22                    
301594950       19990123   51.0                2.512                   
301594950       20000219    359                6.72                    
301594950       20010726    465                7.67                    
301594950       20020727    240                5.33                    
301594950       20030812    534                8.23                    
301594950       20031112    134                4.062                   
301594950       20050329    101                3.52                    
301594950       20060422   66.0                2.84                    
301594950       20070705    123                3.91                    
301594950       20080304    106                3.63                    
301594950       20081211    113                3.75                    
301594950       20100313    110                3.69                    
301594950       20110419    142                4.20                    
301594950       20111123   79.0                3.12                    
301594950       20130828   86.0                3.25                    
301594950       20140516    113                3.74                    
301594950       20150311   98.0                3.52                    
301594950       20160203   49.0                2.52                    
301594950       20170728    456                7.73                    
301594950       20180216    200                5.05                    
301594950       20190630    8212               9.29                    
