Z01596500                       USGS 
H01596500       3934120790607002424023SW0207000249.1           1603.44          
N01596500       SAVAGE RIVER NEAR BARTON, MD
Y01596500       
301596500       19481216    819                3.49                    
301596500       19500921   2630                5.00                    
301596500       19510613   1860                4.43                    
301596500       19520311   2270                4.70                    
301596500       19530324   1110                3.73                    
301596500       19540301   2030                4.52                    
301596500       19541015   7510                8.45                    
301596500       19560806   1920                4.49                    
301596500       19570210   1140                3.72                    
301596500       19580505   1660                4.202                   
301596500       19590210    942                3.49                    
301596500       19600508   2500                4.97                    
301596500       19610225   2770                5.18                    
301596500       19620321   1450                4.03                    
301596500       19630320   1480                4.08                    
301596500       19640429   2390                4.88                    
301596500       19650329    813                3.362                   
301596500       19660213   1670                4.26                    
301596500       19670307   1610                4.21                    
301596500       19680524   1520                4.12                    
301596500       19690325    415                2.80                    
301596500       19700402   2220                4.74                    
301596500       19701223   1210                3.812                   
301596500       19720313   1930                4.50                    
301596500       19730427   1210                3.81                    
301596500       19731226   1580                4.18                    
301596500       19750425   1750                4.33                    
301596500       19760101    937                3.51                    
301596500       19770224   1360                3.96                    
301596500       19780321    994                3.582                   
301596500       19790305   1350                4.01                    
301596500       19800409   3700                6.13                    
301596500       19810413   1530                4.222                   
301596500       19820313    987                3.552                   
301596500       19830424   1230                3.87                    
301596500       19840405   1930                4.64                    
301596500       19850224   1160                3.782                   
301596500       19851105   4320                6.57                    
301596500       19870417    957                3.51                    
301596500       19880120   1040                3.62                    
301596500       19890510   1010                3.58                    
301596500       19900526   1010                3.582                   
301596500       19901023   1090                3.72                    
301596500       19920226    797                3.33                    
301596500       19930416   1890                4.60                    
301596500       19931128   1190                3.83                    
301596500       19950627   2010                4.72                    
301596500       19960906   6620                7.97                    
301596500       19961202   1380                4.07                    
301596500       19980505   1390                4.09                    
301596500       19990124    819                3.35                    
301596500       20000219   2610                5.28                    
301596500       20010607   1440                4.142                   
301596500       20020320    986                3.58                    
301596500       20030919   2900                5.52                    
301596500       20040908   2130                4.86                    
301596500       20050328   2340                5.05                    
301596500       20060515   1590                4.31                    
301596500       20070415   1150                3.79                    
301596500       20080305   1820                4.55                    
301596500       20090504   1730                4.46                    
301596500       20100313   3520                5.85                    
301596500       20110310   3370                5.74                    
301596500       20120229   1230                3.80                    
301596500       20130508   1800                4.39                    
301596500       20140516   2260                4.83                    
301596500       20150621   1520                4.092                   
301596500       20160602    989                3.46                    
301596500       20170805   1830                4.43                    
301596500       20180909   3790                6.00                    
301596500       20181215   1640                4.392                   
