Z01591400                       USGS 
H01591400       3915210770303002424027SW0206000622.9           374.44           
N01591400       CATTAIL CREEK NEAR GLENWOOD, MD
Y01591400       
301591400       19790906   3450                9.86                    
301591400       19791001   1910                9.283                   
301591400       19810704    541                5.793                   
301591400       19820203    895                7.343                   
301591400       19830308   1380                6.55                    
301591400       19831213   1580                6.96                    
301591400       19850212   2230                8.12                    
301591400       19860416    514                3.30                    
301591400       19870908   1310                6.40                    
301591400       19880120   1360                6.51                    
301591400       19890506   1980                7.72                    
301591400       19891116   1200                6.17                    
301591400       19901023   2410                8.41                    
301591400       19920725   1100                5.22                    
301591400       19930402   1430                6.67                    
301591400       19931128   2020                7.78                    
301591400       19950120    982                5.64                    
301591400       19960119   2780                8.96                    
301591400       19961213   1200                6.17                    
301591400       19980508   1660                7.12                    
301591400       19990916   1070                5.86                    
301591400       20000322    624                4.77                    
301591400       20010623   1420                6.65                    
301591400       20020502    308                3.37                    
301591400       20030614   1830                7.43                    
301591400       20031211   2440                8.45                    
301591400       20050610   2210                8.09                    
301591400       20060626   2140                7.98                    
301591400       20061116   1520                6.85                    
301591400       20080512    716                4.90                    
301591400       20090529    490                4.14                    
301591400       20091209   1070                5.86                    
301591400       20110908   1390                6.58                    
301591400       20111208   1040                5.79                    
301591400       20130131   2330                8.28                    
301591400       20140430   1900                7.56                    
301591400       20150627   2080                7.88                    
301591400       20160730   2390                8.38                    
301591400       20170505    691                4.82                    
301591400       20180527   2320                8.39                    
301591400       20190708   1980                7.75                    
