Z01613050                       USGS 
H01613050       3953540780757004242057SW0207000410.7           688.94           
N01613050       Tonoloway Creek near Needmore, PA
Y01613050       
301613050       19630306    590                4.75                    
301613050       19640421    317                4.18                    
301613050       19650305    668                4.882                   
301613050       19660213    326                5.442                   
301613050       19670307    254                5.10                    
301613050       19680611    128                4.35                    
301613050       19690907    282                5.24                    
301613050       19700402    551                6.30                    
301613050       19701112    685                6.812                   
301613050       19720622   1300                9.17                    
301613050       19730202    302                5.13                    
301613050       19731029    277                5.30                    
301613050       19750425    415                5.98                    
301613050       19760930    312                5.48                    
301613050       19761009    417                5.99                    
301613050       19780126    858                7.76                    
301613050       19790224    426                5.732                   
301613050       19791126    214                4.63                    
301613050       19810412    300                5.102       1981          
301613050       19820203    168                4.36                    
301613050       19830523    158                4.30                    
301613050       19840214    867                7.64                    
301613050       19841128    261                4.89                    
301613050       19860315    415                5.89                    
301613050       19870404    313                5.42                    
301613050       19880523    969                8.19                    
301613050       19890621    536                6.38                    
301613050       19900129    107                4.382                   
301613050       19901023    445                5.93                    
301613050       19920327    132                4.532                   
301613050       19930416    742                8.431                   
301613050       19931128    7002               8.405                   
301613050       19950627    649                6.63                    
301613050       19960119   1250                9.48                    
301613050       19961019    346                5.55                    
301613050       19971108    745                7.30                    
301613050       19990303    259                5.13                    
301613050       20000422    285                5.25                    
301613050       20010409    109                4.47                    
301613050       20020320    146                4.65                    
301613050       20030927    553                6.49                    
301613050       20040918   4280               11.94                    
301613050       20050328    578                7.14                    
301613050       20060626    429                6.51                    
301613050       20070302    487                6.751                   
301613050       20080305    554                7.04                    
301613050       20090504    294                5.94                    
301613050       20100125    433                6.52                    
301613050       20101201    529                6.94                    
301613050       20111207    295                6.28                    
301613050       20121030    345                6.52                    
301613050       20140516    184                5.45                    
301613050       20150628    520                7.18                    
301613050       20160605    207                5.67                    
301613050       20170530    472                7.00                    
301613050       20180910    468                6.98                    
301613050       20181216    209                5.66                    
