Z01620500                       USGS 
H01620500       3820060791421005151015SW0207000517.3           2050.67          
N01620500       NORTH RIVER NEAR STOKESVILLE, VA
Y01620500       
301620500       19470314    326                4.073                   
301620500       19480214    299                3.653                   
301620500       19490617   9530               10.903                   
301620500       19500913    908                4.683                   
301620500       19501207   1650                5.603                   
301620500       19520311    685                                        
301620500       19530221    697                4.323                   
301620500       19540301   1850                6.783                   
301620500       19550818    888                4.643                   
301620500       19560315    179                3.373                   
301620500       19570405    930                4.683                   
301620500       19580407    404                3.873                   
301620500       19590602    712                4.123                   
301620500       19600528   1250                4.873                   
301620500       19610225    386                3.793                   
301620500       19620321    395                3.813                   
301620500       19630312    441                3.883                   
301620500       19640305    662                4.043                   
301620500       19650207    440                3.603                   
301620500       19660213    600                3.923                   
301620500       19670307   1110                4.693                   
301620500       19680528    540                3.803                   
301620500       19681118    227                3.133                   
301620500       19691231    465                3.653                   
301620500       19710530   1700                6.583                   
301620500       19720621   1650                5.863                   
301620500       19721005   2400                6.583                   
301620500       19731226   1640                5.823                   
301620500       19750319   1290                5.423                   
301620500       19760101    275                3.583                   
301620500       19761009    939                4.973                   
301620500       19780126   1230                5.363                   
301620500       19790905   1200                6.743                   
301620500       19800409    3902                                       
301620500       19810520    210                3.633                   
301620500       19820320    496                4.263                   
301620500       19830415    373                3.903                   
301620500       19840214    528                4.203                   
301620500       19841128    229                3.423                   
301620500       19851105   7600               19.8013                   
301620500       19870417   2440                6.663                   
301620500       19880507    315                4.833                   
301620500       19890620    657                5.313                   
301620500       19900529    374                4.973                   
301620500       19910304    826                5.473                   
301620500       19920421   3740                7.223                   
301620500       19930304   1120                5.633                   
301620500       19940818   1020                5.463                   
301620500       19950115   1490                6.233                   
301620500       19960906   3750                9.793                   
301620500       19961109    686                5.97                    
301620500       19980108   1600                6.59                    
301620500       19990124    145                3.28                    
301620500       19991103    864                4.64                    
301620500       20010321    233                3.52                    
301620500       20020422    442                4.07                    
301620500       20030919   2080                5.63                    
301620500       20040908   1850                5.47                    
301620500       20050329    182                2.72                    
301620500       20060626   1220                4.84                    
301620500       20061116    647                3.94                    
301620500       20080510    195                2.59                    
301620500       20090504    327                3.05                    
301620500       20100125   1660                5.30                    
301620500       20110416   1460                5.06                    
301620500       20111129    542                3.85                    
301620500       20130712    822                4.48                    
301620500       20140516    876                4.57                    
301620500       20150627    578                4.02                    
301620500       20160506    447                3.69                    
301620500       20170525    829                4.42                    
301620500       20180416   1370                5.18                    
301620500       20181221    460                3.98                    
