Z01634500                       USGS 
H01634500       3904520781947005151069SW02070006102            647.09           
N01634500       CEDAR CREEK NEAR WINCHESTER, VA
Y01634500       
301634500       19360317  180007              25.00                    
301634500       19371028   3660               11.32                    
301634500       19390203   3250               10.38                    
301634500       19400612   2980                9.81                    
301634500       19410405   2530                8.80                    
301634500       19420522   2950               10.45                    
301634500       19421015  22000               27.00                    
301634500       19440507   1680                7.33                    
301634500       19450918   4290               13.37                    
301634500       19460602   2230                8.73                    
301634500       19470518    526                3.95                    
301634500       19480414   1240                6.14                    
301634500       19481230   1750                7.51                    
301634500       19500518   1270                6.25                    
301634500       19510511   5470               15.11                    
301634500       19520428   3170               10.88                    
301634500       19521121   2820               10.10                    
301634500       19540301   4340               13.30                    
301634500       19550818  11100               20.49                    
301634500       19560314   1260                6.04                    
301634500       19570405   1650                7.22                    
301634500       19580327   1040                5.32                    
301634500       19590602   3540               11.68                    
301634500       19600508   2030                8.23                    
301634500       19610219   1670                7.17                    
301634500       19620321   1950                8.04                    
301634500       19630319   3220               10.96                    
301634500       19640303   1470                6.612                   
301634500       19650305   2310                8.89                    
301634500       19660921   1810                7.55                    
301634500       19670307   3170               10.86                    
301634500       19680317   1990                8.08                    
301634500       19690804    245                2.97                    
301634500       19700625   1780                7.52                    
301634500       19710530   3560                9.18                    
301634500       19720622  20300               23.19                    
301634500       19721222   2120                6.83                    
301634500       19740602   3320                8.80                    
301634500       19750319   5840               12.60                    
301634500       19760101   5160               11.68                    
301634500       19761009  10000               17.00                    
301634500       19780806  17800               22.14                    
301634500       19790226   4790               11.16                    
301634500       19791102   4720               11.08                    
301634500       19810613   3540                9.17                    
301634500       19820613   4600               10.92                    
301634500       19830424   3480                9.07                    
301634500       19840214   7240               14.28                    
301634500       19841128   4240               10.35                    
301634500       19851105   8980               16.05                    
301634500       19870417   4690               11.06                    
301634500       19880506   4180               10.24                    
301634500       19890623   3750                9.53                    
301634500       19900103    703                3.93                    
301634500       19901023   6270               13.14                    
301634500       19920421   5380               11.99                    
301634500       19930304   9090               16.15                    
301634500       19931128   4270               10.39                    
301634500       19950627   6230               13.09                    
301634500       19960906  20800               23.40                    
301634500       19970602   2860                8.04                    
301634500       19971107   3800                9.60                    
301634500       19990317    711                4.06                    
301634500       20000219   2510                7.49                    
301634500       20010321   4330               10.42                    
301634500       20020428   1370                5.43                    
301634500       20030101   6840               13.81                    
301634500       20040928   5900               12.70                    
301634500       20050328   1730                6.11                    
301634500       20051129   4940               11.32                    
301634500       20070415   4540               10.73                    
301634500       20080421   3020                8.35                    
301634500       20090504   2060                8.10                    
301634500       20100125   3350               11.38                    
301634500       20110416   7560               14.63                    
301634500       20111208   4340               10.70                    
301634500       20121030  12200               18.76                    
301634500       20140516   9660               16.61                    
301634500       20150305   1930                6.98                    
301634500       20160929   3270                9.18                    
301634500       20170123   4240               10.56                    
301634500       20180603   9340               16.32                    
301634500       20181216   4740               11.23                    
