Z01638480                       USGS 
H01638480       3915180773436005151107SW0207000889.5           247.37           
N01638480       CATOCTIN CREEK AT TAYLORSTOWN, VA
Y01638480       
301638480       19710912   4600               11.033                   
301638480       19720622  23800               23.833                   
301638480       19730528   2640                7.903                   
301638480       19731226   1920                6.483                   
301638480       19750925   4920               11.433                   
301638480       19760101   3620               12.233                   
301638480       19761009  15900               19.923                   
301638480       19780126   4180               10.433                   
301638480       19790906   5850               12.473                   
301638480       19791001   4040               10.153                   
301638480       19810211   1090                4.393                   
301638480       19820617   3000                8.453                   
301638480       19830410   4440               10.773                   
301638480       19840813   7320               15.32                    
301638480       19850212   5440               13.08                    
301638480       19860315   1640                7.00                    
301638480       19870701  13200               17.99                    
301638480       19880518   5370               12.98                    
301638480       19890516   3670               10.39                    
301638480       19900529    856                5.48                    
301638480       19901023   2960                9.20                    
301638480       19920422   2280                8.07                    
301638480       19921211   8430               15.69                    
301638480       19931205   3690               10.41                    
301638480       19950711   2410                8.29                    
301638480       19960119   6820               14.43                    
301638480       19961213   3570               10.21                    
301638480       19980321   7140               13.43                    
301638480       19990930   3180                9.40                    
301638480       20000219    862                5.53                    
301638480       20010330   1800                7.29                    
301638480       20020615    441                4.50                    
301638480       20030923   9800               15.59                    
301638480       20040928   9440               15.31                    
301638480       20050328   6440               12.81                    
301638480       20051130   2720                8.74                    
301638480       20070316   1330                6.47                    
301638480       20080512   9270               14.73                    
301638480       20081212   1760                6.51                    
301638480       20100125   4270                9.77                    
301638480       20110428   4170                9.66                    
301638480       20111020   2890                8.09                    
301638480       20121030   9090               14.57                    
301638480       20140516   9330               14.78                    
301638480       20150929   106012                                      
301638480       20160203   2870                8.07                    
301638480       20170729   3460                8.81                    
301638480       20180928   6460               12.30                    
301638480       20190321   6440               12.08                    
