Z01639500                       USGS 
H01639500       3936440771414002424013SW02070009102            336.21           
N01639500       BIG PIPE CREEK AT BRUCEVILLE, MD
Y01639500       
301639500       19480101   3870                8.50                    
301639500       19490712   9500               11.92                    
301639500       19500323   3780                8.38                    
301639500       19501204   3780                8.45                    
301639500       19520427   4150                8.76                    
301639500       19530808   3430                7.89                    
301639500       19531207   2790                7.09                    
301639500       19550831   4320                8.97                    
301639500       19560721   2530                6.72                    
301639500       19570406   1380                4.79                    
301639500       19571220   5140                9.68                    
301639500       19590714   1130                4.322                   
301639500       19600404   1890                5.65                    
301639500       19610225   2210                6.192                   
301639500       19620226   3060                7.47                    
301639500       19630306   2330                6.392                   
301639500       19640109   3540                8.112                   
301639500       19650207   2500                6.67                    
301639500       19660914   3420                7.96                    
301639500       19670810   3760                8.38                    
301639500       19680910   3810                8.43                    
301639500       19690720   4180                8.83                    
301639500       19700710   3040                7.45                    
301639500       19710213   3120                7.55                    
301639500       19720622  22800               17.86                    
301639500       19721208   2610                7.56                    
301639500       19731226   3430                8.76                    
301639500       19750926  28000               18.98                    
301639500       19760126   2950                8.08                    
301639500       19761009   4030                9.52                    
301639500       19780126   5720               11.12                    
301639500       19790124   4400                9.93                    
301639500       19791001   6520               11.67                    
301639500       19810211   1780                5.47                    
301639500       19820203   3130                8.05                    
301639500       19830410   3590                8.82                    
301639500       19831213   4150                9.64                    
301639500       19850212   6980               11.97                    
301639500       19860315   1440                4.83                    
301639500       19861224   2360                6.63                    
301639500       19871129   3720                9.03                    
301639500       19890623   6490               11.65                    
301639500       19900129   2410                6.63                    
301639500       19901023   2820                7.49                    
301639500       19920327   2110                6.12                    
301639500       19930304   3240                8.24                    
301639500       19931205   4970               10.49                    
301639500       19950120   3370                8.45                    
301639500       19960119  10100               13.65                    
301639500       19961213   3580                8.81                    
301639500       19980321   3860                9.23                    
301639500       19990118   2210                6.33                    
301639500       20000321   2780                7.43                    
301639500       20001217   2530                6.96                    
301639500       20020320    372                2.52                    
301639500       20030923   6080               11.37                    
301639500       20031211   5540               10.99                    
301639500       20050114   4120                9.60                    
301639500       20060118   2510                6.93                    
301639500       20061116   3640                8.91                    
301639500       20080604   2520                6.94                    
301639500       20081211   3340                8.40                    
301639500       20091209   2600                7.10                    
301639500       20110908   7240               12.13                    
301639500       20111123   5530               10.98                    
301639500       20121030   6150               11.42                    
301639500       20140430   3880                9.26                    
301639500       20150311   2210                6.332                   
301639500       20160224   3750                9.07                    
301639500       20170406   1960                5.83                    
301639500       20180722   4910               10.43                    
301639500       20181103   4080                9.54                    
