Z01658500                       USGS 
H01658500       3835140772544005151153SW020700117.62           237.83           
N01658500       S F QUANTICO CREEK NEAR INDEPENDENT HILL, VA
Y01658500       
301658500       19520901    870                7.98                    
301658500       19521121    800                7.76                    
301658500       19531214    183                4.80                    
301658500       19550523    692                7.49                    
301658500       19560705    660                7.42                    
301658500       19570405    495                7.12                    
301658500       19580825   1000                8.31                    
301658500       19590306    141                4.46                    
301658500       19600614    775                7.84                    
301658500       19610907    450                7.01                    
301658500       19620312    225                5.44                    
301658500       19630312    584                7.41                    
301658500       19640109    262                5.82                    
301658500       19650305    465                7.03                    
301658500       19660914    425                6.91                    
301658500       19670825    504                7.18                    
301658500       19680114    528                7.27                    
301658500       19690803   1040                8.40                    
301658500       19691211    292                6.17                    
301658500       19710213    462                7.07                    
301658500       19720621   3940               11.35                    
301658500       19730427    556                7.35                    
301658500       19740512    281                6.03                    
301658500       19750926   3070               10.88                    
301658500       19760101    418                6.81                    
301658500       19761026    597                7.36                    
301658500       19780126    681                7.64                    
301658500       19790905   1080                8.43                    
301658500       19791001    570                7.29                    
301658500       19810511   35.0                2.96                    
301658500       19820613    190                5.05                    
301658500       19830415    699                7.67                    
301658500       19840329    599                7.39                    
301658500       19850212    350                6.40                    
301658500       19851104    170                4.81                    
301658500       19861224    400                6.69                    
301658500       19880120    347                6.38                    
301658500       19890506   4160               11.62                    
301658500       19900101    386                6.39                    
301658500       19901023   1180                8.63                    
301658500       19920903    713                7.62                    
301658500       19930505    778                7.79                    
301658500       19931128   1290                8.82                    
301658500       19950120    208                5.16                    
301658500       19960119    991                7.71                    
301658500       19961108    760                7.10                    
301658500       19980321    799                7.21                    
301658500       19990930    462                5.97                    
301658500       20000417    283                5.02                    
301658500       20010726    824                7.28                    
301658500       20020428   93.0                3.35                    
301658500       20030222   1180                8.19                    
301658500       20031211   1080                8.00                    
301658500       20050114    806                7.38                    
301658500       20051008    437                6.10                    
301658500       20061116    727                7.15                    
301658500       20080511   2070                9.54                    
301658500       20090507    440                6.18                    
301658500       20091209    592                6.74                    
301658500       20110908    897                7.61                    
301658500       20111207    539                7.04                    
301658500       20130610    249                5.69                    
301658500       20140430   1160                8.44                    
301658500       20150627    377                6.63                    
301658500       20160224    542                7.17                    
301658500       20170123    258                5.84                    
301658500       20180725    670                7.50                    
301658500       20181215   1080                8.37                    
