Z01669520                       USGS 
H01669520       3738010764148005151097SW02080102109            21.60            
N01669520       DRAGON SWAMP AT MASCOT, VA
Y01669520       
301669520       19820323    622                6.56                    
301669520       19830417   2530                8.85                    
301669520       19840327   1470                7.92                    
301669520       19850928   1720                8.17                    
301669520       19851024    745                6.81                    
301669520       19870427    601                6.45                    
301669520       19880214    482                6.10                    
301669520       19890409    745                6.81                    
301669520       19900531   1690                8.14                    
301669520       19910114    586                6.48                    
301669520       19920818    601                6.29                    
301669520       19930306   1130                7.47                    
301669520       19940304   2750                9.00                    
301669520       19950311    460                5.89                    
301669520       19960121    952                7.16                    
301669520       19961011    733                6.68                    
301669520       19980206   2800                9.39                    
301669520       19990917   6600               13.21                    
301669520       20000905    848                6.63                    
301669520       20010814   1710                7.97                    
301669520       20020402    147                5.00                    
301669520       20030920   2410                9.02                    
301669520       20040726   2930                9.54                    
301669520       20050403    603                6.25                    
301669520       20060901   1520                7.70                    
301669520       20061009   1280                7.64                    
301669520       20080512    567                6.40                    
301669520       20090823    634                6.58                    
301669520       20091114   2190                8.62                    
301669520       20110829   3450               10.42                    
301669520       20120303    533                7.08                    
301669520       20130308    771                7.33                    
301669520       20140502    570                6.86                    
301669520       20150702    494                6.67                    
301669520       20151226    927                7.64                    
301669520       20161011    761                7.31                    
301669520       20180606    922                7.63                    
301669520       20181013   6650               12.28                    
