Z01667500                       USGS 
H01667500       3821010775831005151047SW02080103468            241.36           
N01667500       RAPIDAN RIVER NEAR CULPEPER, VA
Y01667500       
301667500       19310523   1760                4.25                    
301667500       19320307   6500               12.03                    
301667500       19330417  12000               16.00                    
301667500       19340917  21900               19.53                    
301667500       19350906  15600               17.53                    
301667500       19360318  21000               19.25                    
301667500       19370426  50000               28.03                    
301667500       19371020  21600               19.41                    
301667500       19390204   4540                9.69                    
301667500       19400817  10400               15.36                    
301667500       19410405   4500                9.56                    
301667500       19420809  11200               15.58                    
301667500       19421016  58100               30.30                    
301667500       19440919  10800               14.56                    
301667500       19450918   9950               13.80                    
301667500       19451231   3390                5.73                    
301667500       19470314   3460                5.76                    
301667500       19471104  10200               14.10                    
301667500       19481204  12000               15.62                    
301667500       19500913  10000               13.94                    
301667500       19501205  14600               17.10                    
301667500       19520204   7130               10.61                    
301667500       19521122   8880               12.69                    
301667500       19540301   5100                8.02                    
301667500       19550818  33800               24.31                    
301667500       19560722   2830                4.86                    
301667500       19570405   4720                7.46                    
301667500       19571226   4950                7.82                    
301667500       19590603   7690               11.33                    
301667500       19600219   8010               11.73                    
301667500       19610413   6970               10.42                    
301667500       19620313   8520               12.27                    
301667500       19630312   6970               10.42                    
301667500       19640109   4390                6.70                    
301667500       19650208  11600               15.15                    
301667500       19660214   8090               11.76                    
301667500       19670307   8300               12.06                    
301667500       19680114   7380               10.86                    
301667500       19690729   5900                9.00                    
301667500       19691211   4210                6.44                    
301667500       19710531   9560               12.73                    
301667500       19720622  55600               29.53                    
301667500       19721006  42400               26.23                    
301667500       19731221   9360               13.16                    
301667500       19750320  14500               17.26                    
301667500       19760101   7840               11.42                    
301667500       19761010  15000               17.50                    
301667500       19780126  14900               17.47                    
301667500       19790906  17600               18.79                    
301667500       19791002  11100               14.78                    
301667500       19810220   3240                5.06                    
301667500       19820613   8120               11.72                    
301667500       19830410  10000               13.78                    
301667500       19840215  16400               18.24                    
301667500       19850212   8430               12.09                    
301667500       19851105  28500               22.52                    
301667500       19870909  15500               17.77                    
301667500       19871129   9020               12.79                    
301667500       19890506  16300               18.19                    
301667500       19900510   6130                9.19                    
301667500       19901023  10700               14.40                    
301667500       19920422   9880               13.65                    
301667500       19930305  17800               18.91                    
301667500       19931128  10900               14.58                    
301667500       19950628  59300               30.40                    
301667500       19960907  47800               27.49                    
301667500       19970702  12400               13.57                    
301667500       19980218  18700               17.15                    
301667500       19990930  19200               17.53                    
301667500       19991214   4300                5.81                    
301667500       20010321   8230                9.38                    
301667500       20020422   1990                3.35                    
301667500       20030919  20700               18.51                    
301667500       20040929  14300               14.06                    
301667500       20050114  13700               13.63                    
301667500       20051008  11900               12.33                    
301667500       20061112   6080                7.50                    
301667500       20080509   7230                8.53                    
301667500       20090618   5210                6.70                    
301667500       20100125  16200               15.43                    
301667500       20110417  13500               13.51                    
301667500       20111013  12300               12.61                    
301667500       20130610  17700               16.51                    
301667500       20140516  18700               17.16                    
301667500       20150420  11000               11.60                    
301667500       20160216   8540                9.64                    
301667500       20170505  10400               11.12                    
301667500       20180622  34200               23.56                    
301667500       20190322  10700               11.41                    
