Z01666500                       USGS 
H01666500       3819300780545005151113SW02080103179            283.70           
N01666500       ROBINSON RIVER NEAR LOCUST DALE, VA
Y01666500       
301666500       19421015  440002              23.901                   
301666500       19440919   4940               13.26                    
301666500       19450918   4830               13.60                    
301666500       19460722   1530                6.11                    
301666500       19470804   1950                7.17                    
301666500       19471104   9900               16.46                    
301666500       19481204   4500               13.901                   
301666500       19500913   6960               15.10                    
301666500       19501204   9140               16.20                    
301666500       19520204   3620               11.19                    
301666500       19521121   4720               13.39                    
301666500       19540301   2900                9.63                    
301666500       19550818  18600               19.49                    
301666500       19560722   2010                7.40                    
301666500       19561027   2720                9.84                    
301666500       19571226   2060                8.11                    
301666500       19590602   3920               12.24                    
301666500       19600920   4790               13.36                    
301666500       19610413   3530               11.51                    
301666500       19620312   3920               12.20                    
301666500       19630312   3220               10.92                    
301666500       19640109   1880                7.63                    
301666500       19650208   8080               15.66                    
301666500       19660213   4890               13.51                    
301666500       19670307   5540               14.10                    
301666500       19680114   7270               15.37                    
301666500       19690729   4090               12.48                    
301666500       19691211   2000                7.94                    
301666500       19710530   5420               14.00                    
301666500       19720622  24500               20.92                    
301666500       19721006  17600               19.19                    
301666500       19731221   5800               14.32                    
301666500       19750319   9690               16.42                    
301666500       19760127   3980               12.30                    
301666500       19761009  15500               18.49                    
301666500       19780126   9690               16.42                    
301666500       19790906  16300               18.75                    
301666500       19800321   7620               15.39                    
301666500       19810211   1550                7.26                    
301666500       19820613   4140               13.40                    
301666500       19830410   6110               15.80                    
301666500       19840214   9200               17.36                    
301666500       19850212   8110               15.63                    
301666500       19851105  17200               20.17                    
301666500       19870908   9550               19.16                    
301666500       19871129   6020               14.40                    
301666500       19890506   9900               17.13                    
301666500       19900510   3190               10.89                    
301666500       19901023   9820               17.08                    
301666500       19920422   9340               16.79                    
301666500       19930304  12000               18.24                    
301666500       19931128   9370               16.81                    
301666500       19950627  25400               22.93                    
301666500       19960906  22100               23.92                    
301666500       19970702   2900               10.49                    
301666500       19980217  11600               19.03                    
301666500       19990930  13800               18.80                    
301666500       19991214   1530                7.07                    
301666500       20010321   3900               12.49                    
301666500       20020422   1060                5.75                    
301666500       20030919  13900               18.85                    
301666500       20040929  13200               18.55                    
301666500       20050114   6670               14.97                    
301666500       20051130   7900               15.79                    
301666500       20061112   2130                8.64                    
301666500       20080604   3190               11.16                    
301666500       20090618   2120                8.61                    
301666500       20100125  10600               17.31                    
301666500       20110417   9350               16.68                    
301666500       20111012   5460               14.37                    
301666500       20130610  10800               17.44                    
301666500       20140516  10300               17.15                    
301666500       20150930   6140               14.59                    
301666500       20160216   2800               10.27                    
301666500       20170505   7260               15.38                    
301666500       20180622  19900               21.17                    
301666500       20190321   3700               12.19                    
