Z01664000                       USGS 
H01664000       3831500774850005151061SW02080103619            251.60           
N01664000       RAPPAHANNOCK RIVER AT REMINGTON, VA
Y01664000       
301664000       19421016  90000               30.003       1828          
301664000       19431108   7480               12.603                   
301664000       19450731  13500               16.203                   
301664000       19460802  12000               15.453                   
301664000       19470314   3450                8.203                   
301664000       19471104  10300               14.703                   
301664000       19481204  10600               14.903                   
301664000       19500913  10500               14.803                   
301664000       19501205  27200               19.423                   
301664000       19520312   9600               14.60                    
301664000       19521122  18800               17.81                    
301664000       19540302   5130               10.41                    
301664000       19550818  45100               23.52                    
301664000       19560721   9400               14.14                    
301664000       19561027   6200               11.26                    
301664000       19580115   8480               13.42                    
301664000       19590603   9550               14.23                    
301664000       19600405  10200               14.58                    
301664000       19610413  12000               15.36                    
301664000       19620313  11000               14.95                    
301664000       19630320   8600               13.49                    
301664000       19640429   8860               13.69                    
301664000       19650208  14400               16.30                    
301664000       19660214   9550               14.20                    
301664000       19670307  14200               16.25                    
301664000       19680114  12100               15.43                    
301664000       19690729   8010               13.01                    
301664000       19700210   5490               10.54                    
301664000       19710214  12200               15.46                    
301664000       19720622  52900               24.82                    
301664000       19730529  11300               15.12                    
301664000       19731221  11200               15.09                    
301664000       19750320  22400               18.70                    
301664000       19760101  11200               15.10                    
301664000       19761010  36800               21.97                    
301664000       19780127  21800               18.52                    
301664000       19790906  23000               18.84                    
301664000       19800322  11000               14.98                    
301664000       19810831   4970                9.93                    
301664000       19820806   9230               13.86                    
301664000       19830410  17700               17.39                    
301664000       19840215  33000               21.21                    
301664000       19850213  10800               14.80                    
301664000       19851104  26400               19.73                    
301664000       19870417  12300               15.53                    
301664000       19871130  11700               15.25                    
301664000       19890506  14500               16.35                    
301664000       19900511   6280               11.38                    
301664000       19901014  16900               17.15                    
301664000       19920422  12600               15.65                    
301664000       19930305  36600               21.96                    
301664000       19931128  21600               18.50                    
301664000       19950628  27800               20.06                    
301664000       19960907  35300               24.04                    
301664000       19961213   6820               12.11                    
301664000       19980321  17600               18.84                    
301664000       19990930  18200               19.11                    
301664000       20000618   4110                8.95                    
301664000       20010322   8870               13.51                    
301664000       20020527   2670                7.07                    
301664000       20030924  15900               17.93                    
301664000       20031211  19700               18.76                    
301664000       20050403  1200012                                      
301664000       20051130  13400               15.80                    
301664000       20070302   7300               12.11                    
301664000       20080512  15900               17.05                    
301664000       20090507   4870                9.75                    
301664000       20100314  18100               18.09                    
301664000       20110417  20000               19.05                    
301664000       20111208   8110               13.57                    
301664000       20130131  14800               17.01                    
301664000       20140516  20800               19.36                    
301664000       20150930  10700               15.04                    
301664000       20160204   8640               13.89                    
301664000       20170506  139005              16.60                    
301664000       20180623                      23.30                    
301664000       20181216  18400               18.45                    
