Z01669000                       USGS 
H01669000       3752370765403005151057SW0208010427.9           0.50             
N01669000       PISCATAWAY CREEK NEAR TAPPAHANNOCK, VA
Y01669000       
301669000       19520325    164                3.773                   
301669000       19521122    156                3.683                   
301669000       19540128   75.0                2.973                   
301669000       19550813   1870                7.073                   
301669000       19560407    122                3.403                   
301669000       19561102    305                4.423                   
301669000       19580320    360                4.183                   
301669000       19590715    536                4.653                   
301669000       19600528    542                4.773                   
301669000       19610224    296                3.913                   
301669000       19620107    400                4.323                   
301669000       19630603    880                5.553                   
301669000       19640216    1331                                       
301669000       19650616    1311                                       
301669000       19660922    316                3.953                   
301669000       19661020    352                4.373                   
301669000       19680313    205                3.743                   
301669000       19690820   2380                7.523                   
301669000       19691211    145                3.473                   
301669000       19710805    270                3.683                   
301669000       19720622   1090                6.043                   
301669000       19730203    245                3.983                   
301669000       19740807    350                4.413                   
301669000       19750718    680                5.303                   
301669000       19760128    334                4.013                   
301669000       19761003    107                3.243                   
301669000       19780801    344                4.053                   
301669000       19790225    720                5.173                   
301669000       19791127    232                3.633                   
301669000       19810512    179                3.353                   
301669000       19820605    168                3.303                   
301669000       19830416    532                4.643                   
301669000       19840329    418                4.263                   
301669000       19850927    526                4.623                   
301669000       19851022    201                3.453                   
301669000       19861225    353                4.043                   
301669000       19880212    132                3.113                   
301669000       19890502    283                3.793                   
301669000       19900529    433                4.313                   
301669000       19910330    199                3.443                   
301669000       19920307    223                3.553                   
301669000       19930304    297                3.843                   
301669000       19940303    548                4.703                   
301669000       19950705    301                3.683                   
301669000       19960119    269                3.743                   
301669000       19961019    374                4.123                   
301669000       19980205    805                5.363                   
301669000       19990916   1240                6.193                   
301669000       20000322    108                3.243                   
301669000       20010602    306                6.08                    
301669000       20020423   56.0                4.822                   
301669000       20030918    783                7.52                    
301669000       20040831    652                7.30                    
301669000       20050708    323                6.38                    
301669000       20060902    561                7.05                    
301669000       20061007    482                6.87                    
301669000       20080512    222                6.11                    
301669000       20090824    298                6.29                    
301669000       20091113    937                7.64                    
301669000       20110828   2170                9.28                    
301669000       20111117    325                6.37                    
301669000       20130307    447                6.71                    
301669000       20140430    150                5.712                   
301669000       20150728    228                6.04                    
301669000       20160225    521                6.89                    
301669000       20161009    297                6.60                    
301669000       20180603    984                7.78                    
301669000       20181012   2620                9.73                    
