Z02011400                       USGS 
H02011400       3802320795254005151017SW02080201157            1639.07          
N02011400       JACKSON RIVER NEAR BACOVA, VA
Y02011400       
302011400       19720621   48007              11.40                    
302011400       19731226   7560               13.88                    
302011400       19750319   4600               11.20                    
302011400       19751018   3820               10.41                    
302011400       19770405   6970               13.39                    
302011400       19780126   5680               12.26                    
302011400       19790121   3450               10.00                    
302011400       19800414   4390               11.02                    
302011400       19810528   3640               10.22                    
302011400       19820613   3900               10.50                    
302011400       19830424   2690                9.08                    
302011400       19840321   4430               11.07                    
302011400       19841128   1500                7.33                    
302011400       19851104  30000               22.25                    
302011400       19870417   4380               11.02                    
302011400       19880120   1960                8.05                    
302011400       19890426   3250                9.77                    
302011400       19891231   2410                8.70                    
302011400       19910323   2990                9.46                    
302011400       19920422   4510               11.15                    
302011400       19930416   6100               12.66                    
302011400       19940508   3760               10.35                    
302011400       19950115   5230               11.86                    
302011400       19960119  16300               17.94                    
302011400       19970303   33002               9.82                    
302011400       19980108   4180               10.87                    
302011400       19990124   1190                6.81                    
302011400       20000219   1930                8.10                    
302011400       20010523   1840                7.96                    
302011400       20020422   2620                9.07                    
302011400       20030223   3840               10.52                    
302011400       20031119   9230               14.65                    
302011400       20050328   2310                8.65                    
302011400       20060627   3940               10.62                    
302011400       20070302   5680               12.30                    
302011400       20080305   2120                8.38                    
302011400       20090516   1910                8.06                    
302011400       20100125   5130               11.80                    
302011400       20110413   5220               11.89                    
302011400       20111208   4020               10.71                    
302011400       20130131   2910                9.44                    
302011400       20140516   3720               10.38                    
302011400       20150706   3300                9.91                    
302011400       20160930   4900               11.59                    
302011400       20170525   2550                8.98                    
302011400       20180416   5670               12.29                    
302011400       20190420   3330                9.95                    
