Z02018000                       USGS 
H02018000       3739570795442005151023SW02080201329            992.17           
N02018000       CRAIG CREEK AT PARR, VA
Y02018000       
302018000       19250829   1330                6.15                    
302018000       19260119   5820                9.53                    
302018000       19261226  11200               12.60                    
302018000       19280817  16900               15.60                    
302018000       19290227   4650                8.80                    
302018000       19291022   8660               11.30                    
302018000       19310823   2700                7.35                    
302018000       19320501   4950                9.00                    
302018000       19321018   8830               11.40                    
302018000       19340328   8490               11.20                    
302018000       19350123  19100               17.00                    
302018000       19360318  14000               14.26                    
302018000       19370121   7400               10.32                    
302018000       19371020   9000               11.48                    
302018000       19390131   5330                9.18                    
302018000       19400815  15200               15.02                    
302018000       19410708  12300               13.35                    
302018000       19420516  12300               13.43                    
302018000       19430420   7030               10.30                    
302018000       19440218   4950                8.99                    
302018000       19450918   5430                9.32                    
302018000       19460108   5590                9.40                    
302018000       19470121   5110                9.11                    
302018000       19471103   9510               11.75                    
302018000       19481204  11600               12.95                    
302018000       19500503   6710                9.92                    
302018000       19501208  10200               12.24                    
302018000       19520311   7510               10.60                    
302018000       19530324   9680               11.93                    
302018000       19540301  12000               13.42                    
302018000       19550307  10100               12.40                    
302018000       19560416   4280                9.15                    
302018000       19570405   9550               12.10                    
302018000       19580506   5120                9.62                    
302018000       19590413   4860                9.40                    
302018000       19591001   6620               10.59                    
302018000       19610226   3480                8.37                    
302018000       19611219   5660               10.02                    
302018000       19630313   8800               11.75                    
302018000       19640414   5030                9.64                    
302018000       19650208   6300               10.40                    
302018000       19660214   6960               10.83                    
302018000       19670307   6620               10.62                    
302018000       19680313   3360                8.30                    
302018000       19681020   5340                9.80                    
302018000       19691231   7300               11.05                    
302018000       19710530   7640               11.23                    
302018000       19720621  20200               19.29                    
302018000       19730528  11200               13.04                    
302018000       19731227   6790               10.72                    
302018000       19750315  10600               12.68                    
302018000       19760621   5500                9.88                    
302018000       19770405   9600               12.21                    
302018000       19780427  15600               14.79                    
302018000       19790226   8010               11.40                    
302018000       19800415   9400               12.10                    
302018000       19810529   7500               11.10                    
302018000       19820614   6670               10.63                    
302018000       19830319  10000               12.40                    
302018000       19840214   8460               11.63                    
302018000       19850819   7400               11.06                    
302018000       19851104  58500               24.76                    
302018000       19870416  12800               13.67                    
302018000       19880121   1840                6.84                    
302018000       19890923   7530               11.07                    
302018000       19891117   5890               10.05                    
302018000       19910112   7660               11.15                    
302018000       19920422  23600               17.29                    
302018000       19930305  11100               12.95                    
302018000       19940818  11300               13.06                    
302018000       19950115  19200               15.93                    
302018000       19960119  21600               16.71                    
302018000       19961202  10400               12.62                    
302018000       19980108   8820               11.83                    
302018000       19990906   2100                7.35                    
302018000       20000418   7160               11.00                    
302018000       20010330   4370                9.30                    
302018000       20020503   3340                8.52                    
302018000       20030223  19200               15.94                    
302018000       20040929  23500               19.87                    
302018000       20050329   6450               10.76                    
302018000       20060628   8820               12.39                    
302018000       20070416   6010               10.43                    
302018000       20080429   5900               10.35                    
302018000       20090107   2940                8.12                    
302018000       20100125   8080               11.90                    
302018000       20110307   7160               11.27                    
302018000       20111208   5890               10.04                    
302018000       20130704  11800               14.19                    
302018000       20131223   4660                9.35                    
302018000       20150306   7600               11.58                    
302018000       20151119   5400                9.96                    
302018000       20170505   8480               11.99                    
302018000       20180416   7330               11.16                    
302018000       20181012  11700               13.79                    
