Z02015700                       USGS 
H02015700       3811430793414005151017SW02080201110            1610.14          
N02015700       BULLPASTURE RIVER AT WILLIAMSVILLE, VA
Y02015700       
302015700       19610225   3350                4.933                   
302015700       19620321   2990                4.733                   
302015700       19630312   3080                4.823                   
302015700       19640305   4260                5.403                   
302015700       19650207   3170                4.833                   
302015700       19660213   2900                4.623                   
302015700       19670307   6230                5.913                   
302015700       19680312   1780                3.363                   
302015700       19690820   2820                4.033                   
302015700       19700709   4530                5.043                   
302015700       19710213   3540                4.463                   
302015700       19720621   3720                4.543                   
302015700       19721005   6490                6.033                   
302015700       19731226   7230                6.3736                   
302015700       19750319   4300                7.18                    
302015700       19751018   5650                7.85                    
302015700       19770405   9430                9.25                    
302015700       19780126   8430                8.92                    
302015700       19790305   4970                7.37                    
302015700       19800409   5350                7.56                    
302015700       19810211   1890                5.49                    
302015700       19820320   7060                8.39                    
302015700       19830415   3460                6.56                    
302015700       19840214   4320                7.06                    
302015700       19850503   4210                7.00                    
302015700       19851104  22900               12.79                    
302015700       19870415   4260                6.23                    
302015700       19880120   2380                4.91                    
302015700       19890505   2870                5.28                    
302015700       19891116   3520                5.73                    
302015700       19910304   3840                5.95                    
302015700       19920421   6170                7.37                    
302015700       19921123   8100                8.36                    
302015700       19940508   5270                6.87                    
302015700       19950115   4480                6.37                    
302015700       19960906  21600               12.50                    
302015700       19961201   4600                6.77                    
302015700       19980108   7460                8.18                    
302015700       19990124   1260                4.14                    
302015700       20000312   2750                5.55                    
302015700       20010522   2870                5.64                    
302015700       20020422   4310                6.60                    
302015700       20030919   8400                8.57                    
302015700       20040908   5390                7.20                    
302015700       20050328   2180                5.08                    
302015700       20060627   7980                8.40                    
302015700       20061116   7650                8.26                    
302015700       20080305   3370                6.00                    
302015700       20090503   2310                5.19                    
302015700       20100125   6880                7.92                    
302015700       20110428  14200               10.57                    
302015700       20111207   5130                7.06                    
302015700       20130712   5090                7.04                    
302015700       20140516   6030                7.52                    
302015700       20150627   5590                7.30                    
302015700       20160203   3110                5.82                    
302015700       20170525   3470                6.07                    
302015700       20180416  10200                9.25                    
302015700       20181221   3550                6.62                    
