Z02027000                       USGS 
H02027000       3742550785855005151125SW0208020393.0           575.39           
N02027000       TYE RIVER NEAR LOVINGSTON, VA
Y02027000       
302027000       19390819   6900               11.133                   
302027000       19400816   7700               11.943                   
302027000       19410707   1740                5.183                   
302027000       19420516   7910               12.093                   
302027000       19421015   9230               13.333                   
302027000       19440919   9670               13.703                   
302027000       19450918   5700                9.903                   
302027000       19460315    776                3.103                   
302027000       19470614   1690                4.903                   
302027000       19480401   3510                7.633                   
302027000       19490618   5900               10.103                   
302027000       19500910   3870                8.023                   
302027000       19501207   4700                8.863                   
302027000       19520311   6600               10.823                   
302027000       19530324   3150                7.173                   
302027000       19540301   1760                5.463                   
302027000       19550818   7300               11.503                   
302027000       19560720   2560                6.543                   
302027000       19570226   3150                7.183                   
302027000       19580423   1810                5.433                   
302027000       19590930   3780                7.903                   
302027000       19591024   3870                8.033                   
302027000       19610225   2080                5.883                   
302027000       19611021   4800                8.983                   
302027000       19621110   1930                5.673                   
302027000       19640125   2000                5.783                   
302027000       19650207   5000                9.203                   
302027000       19660213   2600                6.443                   
302027000       19670307   4050                8.203                   
302027000       19680527   1610                4.923                   
302027000       19690820  80000               29.003                   
302027000       19691230   1950                6.743                   
302027000       19701031   4180                8.943                   
302027000       19720621  12200               14.343                   
302027000       19721005   5200                9.353                   
302027000       19740512   2390                5.973                   
302027000       19750319   7300               11.493                   
302027000       19760629   1480                4.443                   
302027000       19761009   6000               10.183                   
302027000       19780126   6700               10.923                   
302027000       19790922  11100               13.783                   
302027000       19800409   3730                7.843                   
302027000       19810906   4980                9.183                   
302027000       19820613   2350                5.943                   
302027000       19830402   4490                8.693                   
302027000       19840812   5070                9.273                   
302027000       19850820   2380                5.983                   
302027000       19851104  12700               14.463                   
302027000       19870417   3720                7.833                   
302027000       19880326    965                2.993                   
302027000       19890716   2430                6.023                   
302027000       19900510   4380                8.573                   
302027000       19901023   4250                8.423                   
302027000       19920422   9290               12.863                   
302027000       19921123   6500               10.703                   
302027000       19931205   2780                6.463                   
302027000       19950115   4890                9.053                   
302027000       19960906  17100               16.053                   
302027000       19961201   3630                6.823                   
302027000       19980108   6850                9.153                   
302027000       19990930   8680               10.613                   
302027000       20000902   4160                6.673                   
302027000       20010622   1960                4.083                   
302027000       20020422    740                2.073                   
302027000       20030919  12400               13.243                   
302027000       20031119   5550                8.023                   
302027000       20041223   3510                8.98                    
302027000       20051129  13700               17.04                    
302027000       20061116   3650                9.14                    
302027000       20080305   1050                5.64                    
302027000       20090403   1670                6.67                    
302027000       20100125   8550               13.51                    
302027000       20110416   9280               14.06                    
302027000       20111207   2600                8.10                    
302027000       20130711   54908                                       
302027000       20140516   5100               10.60                    
302027000       20150929   6390               11.76                    
302027000       20160605   8710               13.63                    
302027000       20170505   6020               11.44                    
302027000       20180917  11500               15.62                    
302027000       20181221   5150               10.53                    
