Z02028500                       USGS 
H02028500       3752100784925005151125SW0208020394.8           532.29           
N02028500       ROCKFISH RIVER NEAR GREENFIELD, VA
Y02028500       
302028500       19421015  30000               23.403                   
302028500       19440919  13700               17.203                   
302028500       19450918   4780               11.663                   
302028500       19451206    635                4.893                   
302028500       19470314   2260                6.403                   
302028500       19480401   3050                9.283                   
302028500       19481204   4450               11.303                   
302028500       19500910   2440                8.253                   
302028500       19501204   5260               12.123                   
302028500       19520311   6840               13.303                   
302028500       19530325   3040                9.603                   
302028500       19540301   1460                6.683                   
302028500       19550818  12200               16.453                   
302028500       19560720   2560                8.853                   
302028500       19570405   2210                8.173                   
302028500       19580423   1840                8.303                   
302028500       19590930   7860               14.963                   
302028500       19591024   2140                8.923                   
302028500       19610413   2240                9.123                   
302028500       19611021   6340               13.903                   
302028500       19621110   2300                9.233                   
302028500       19640125   1840                8.323                   
302028500       19650207   5860               13.503                   
302028500       19660213   2820               10.113                   
302028500       19670307   5260               12.983                   
302028500       19671210   1740                8.103                   
302028500       19690820  70000               31.203                   
302028500       19700202   1690                8.673                   
302028500       19710530   5560                9.223                   
302028500       19720621  17500               18.113                   
302028500       19721005   5540                9.573                   
302028500       19731226   2190                6.153                   
302028500       19750319   6310               10.323                   
302028500       19751231   1620                5.453                   
302028500       19761009   4680                8.813                   
302028500       19780126   2880                6.963                   
302028500       19790905   7370               11.243                   
302028500       19800409   2950                7.073                   
302028500       19810220    827                3.733                   
302028500       19820613   1920                5.853                   
302028500       19830403   5130                9.233                   
302028500       19840812   5670                9.723                   
302028500       19850818   3730                7.853                   
302028500       19851104   9970               13.243                   
302028500       19870908   4990                9.103                   
302028500       19871129   1700                5.533                   
302028500       19890506   2530                6.613                   
302028500       19900510   5670                9.723                   
302028500       19901023   5310                9.393                   
302028500       19920421   8620               12.223                   
302028500       19921123   8190               11.883                   
302028500       19931205   3520                7.753                   
302028500       19950628   560012                                      
302028500       19960906  10600               13.773                   
302028500       19961201   3280                7.483                   
302028500       19980217   4210                8.483                   
302028500       19990930   5300                9.543                   
302028500       20000902   1470                4.793                   
302028500       20010321   1600                5.023                   
302028500       20020422    528                2.763                   
302028500       20030919   8610               12.323                   
302028500       20040928   4810                9.063                   
302028500       20041223   4520                8.783                   
302028500       20051129   5540                9.763                   
302028500       20061007   4980                9.233                   
302028500       20080509   2270                6.123                   
302028500       20081211   1700                5.203                   
302028500       20100125   7350               13.33                    
302028500       20110416   7950               13.81                    
302028500       20111207   4190               10.56                    
302028500       20130131   5280               11.55                    
302028500       20140516   5040               11.39                    
302028500       20150929   4300               10.57                    
302028500       20151003   2790                8.90                    
302028500       20170505   5890               12.08                    
302028500       20180917   7210               13.22                    
302028500       20181221   5410               11.64                    
