Z02051500                       USGS 
H02051500       3643000774955005151025SW03010204552            136.56           
N02051500       MEHERRIN RIVER NEAR LAWRENCEVILLE, VA
Y02051500       
302051500       18890602  180007              31.20                    
302051500       19080828  190007              31.90                    
302051500       19280427  10000               25.00                    
302051500       19290306   6990               22.10                    
302051500       19291003   7270               22.66                    
302051500       19310407   4320               15.88                    
302051500       19320307   8600               23.42                    
302051500       19330418   5200               17.98                    
302051500       19340306   5880               19.63                    
302051500       19341201   9420               24.17                    
302051500       19360121  11200               25.84                    
302051500       19370427  17300               30.92                    
302051500       19380727  14500               28.70                    
302051500       19390830   6480               20.95                    
302051500       19400817  38000               42.00        1873          
302051500       19401116   4450               17.02                    
302051500       19420810   3970               15.65                    
302051500       19430207   4970               18.36                    
302051500       19440921   4890               18.15                    
302051500       19450719  11800               26.40                    
302051500       19460212   6190               18.70                    
302051500       19470927   5280               19.10                    
302051500       19480216   7660               22.37                    
302051500       19481130   5430               19.44                    
302051500       19491102   4110               15.95                    
302051500       19510321   3800               15.12                    
302051500       19511223   6800               21.38                    
302051500       19521122   7930               22.70                    
302051500       19540302   4350               15.70                    
302051500       19550820  10600               25.30                    
302051500       19551002   5560               18.88                    
302051500       19570202   6060               18.53                    
302051500       19580508   9890               24.09                    
302051500       19581231   8660               22.67                    
302051500       19591126   8030               21.90                    
302051500       19610209   5150               16.75                    
302051500       19620108  11000               25.30                    
302051500       19630308   7280               20.77                    
302051500       19640207   4300               14.98                    
302051500       19650209   6250               18.95                    
302051500       19660618   6360               19.17                    
302051500       19670222   4670               15.83                    
302051500       19680529   5360               17.21                    
302051500       19690308   4880               16.27                    
302051500       19700711   3870               14.12                    
302051500       19710601   6570               19.58                    
302051500       19711026  17700               31.24                    
302051500       19721007  20000               32.99                    
302051500       19740908  10400               24.71                    
302051500       19750716  11800               26.09                    
302051500       19760129   7290               20.74                    
302051500       19761022   5080               16.65                    
302051500       19780428  18600               31.91                    
302051500       19790227  14800               28.89                    
302051500       19791002  11000               25.32                    
302051500       19810608   4550               15.54                    
302051500       19820526   4650               15.76                    
302051500       19830417   9370               23.42                    
302051500       19840215  10400               24.74                    
302051500       19850105   8070               21.71                    
302051500       19851105  15000               28.98                    
302051500       19870418  14100               28.26                    
302051500       19880121   2980               11.96                    
302051500       19890223   6610               19.51                    
302051500       19900102   6210               18.80                    
302051500       19910331   8160               21.83                    
302051500       19920309   6360               19.06                    
302051500       19930305  13200               27.39                    
302051500       19940304  10300               24.60                    
302051500       19950310   4510               15.47                    
302051500       19960908  13500               27.71                    
302051500       19970430   9760               23.91                    
302051500       19980321  14300               28.39                    
302051500       19990917  16200               29.97                    
302051500       20000419   5860               18.15                    
302051500       20010331   8960               22.89                    
302051500       20020319   2570               10.93                    
302051500       20030528  16500               30.25                    
302051500       20040901  13900               28.04                    
302051500       20050329   5320               17.13                    
302051500       20060706   6650               19.58                    
302051500       20061009   8520               22.31                    
302051500       20080908   4980               16.45                    
302051500       20081213   6670               19.97                    
302051500       20091114   8860               22.71                    
302051500       20101001   3110               13.31                    
302051500       20120825   3500               13.28                    
302051500       20130119   6240               19.53                    
302051500       20140518  11200               25.93                    
302051500       20141016   4500               15.54                    
302051500       20151225  10300               25.08                    
302051500       20161010   8010               22.54                    
302051500       20180519  14200               26.56                    
302051500       20181013  16900               29.69                    
