Z02069700                       USGS 
H02069700       3634150800747005151141SW0301010385.5           871.60           
N02069700       SOUTH MAYO RIVER NEAR NETTLERIDGE, VA
Y02069700       
302069700       19630312   2990               10.40                    
302069700       19640901   2310                9.20                    
302069700       19641016   2150                8.91                    
302069700       19660213   1660                7.94                    
302069700       19670824    930                6.24                    
302069700       19680312    990                6.42                    
302069700       19681019   1950                8.48                    
302069700       19700810   2990               10.36                    
302069700       19701031   3290               10.91                    
302069700       19720621  12500               18.32                    
302069700       19730202   2200                9.03                    
302069700       19740404   4350               12.16                    
302069700       19750330   2580                9.69                    
302069700       19760401   1210                6.93                    
302069700       19761009   2930               10.32                    
302069700       19780126   3590               11.33                    
302069700       19790922  20600               22.00                    
302069700       19800409   5490               13.27                    
302069700       19810916   1040                6.51                    
302069700       19820613   2120                8.83                    
302069700       19830410   3020               10.45                    
302069700       19840329   1380                7.27                    
302069700       19850818  18100               20.89                    
302069700       19851104   9170               16.18                    
302069700       19870301   4480               12.33                    
302069700       19880619   1130                6.79                    
302069700       19890706   3390               11.05                    
302069700       19900317   2660                9.83                    
302069700       19910329   2140                8.89                    
302069700       19920421  10600               17.10                    
302069700       19930324   3630               11.35                    
302069700       19940328   2240                9.08                    
302069700       19950115   1710                8.01                    
302069700       19960609   2000                8.61                    
302069700       19961201   2030                8.67                    
302069700       19980417   1680                7.95                    
302069700       19990930   1000                6.44                    
302069700       20000321    782                5.95                    
302069700       20010522    931                6.28                    
302069700       20020318    503                5.33                    
302069700       20030222   2280                9.15                    
302069700       20040928   9290               16.26                    
302069700       20050114   1620                7.80                    
302069700       20051008   1510                7.57                    
302069700       20070914   1980                8.56                    
302069700       20080509   1460                7.45                    
302069700       20090605   2740                9.99                    
302069700       20100125   7450               14.95                    
302069700       20110306   1730                8.06                    
302069700       20111207   1840                8.28                    
302069700       20130118   2160                8.92                    
302069700       20131007   1570                7.69                    
302069700       20150929  10500               17.05                    
302069700       20151224   1730                8.15                    
302069700       20170424   2410                9.39                    
302069700       20180917   7010               14.60                    
302069700       20181011   4040               11.85                    
