Z02064000                       USGS 
H02064000       3707360785736005151031SW03010102165            412.32           
N02064000       FALLING RIVER NEAR NARUNA, VA
Y02064000       
302064000       19291002   3710               13.00                    
302064000       19310523   1510                7.50                    
302064000       19320306   5900               16.00                    
302064000       19321017   5000               15.00                    
302064000       19340328   3500               12.50                    
302064000       194008    220007Bd            26.50Bd                   
302064000       19420516   4120               12.96                    
302064000       19421015   6240               16.12                    
302064000       19440919  15800               23.90                    
302064000       19450918   9760               19.80                    
302064000       19460504   2440                9.40                    
302064000       19470120   2440                9.38                    
302064000       19480214   4240               13.25                    
302064000       19481204   7270               17.34                    
302064000       19500922   3470               11.68                    
302064000       19501204   3520               11.78                    
302064000       19511221   5760               15.48                    
302064000       19530315   1800                7.86                    
302064000       19540122   4970               14.36                    
302064000       19550814   3910               12.65                    
302064000       19560416   2180                8.83                    
302064000       19570409   2790               10.16                    
302064000       19571119   3760               12.32                    
302064000       19581229   2610                9.84                    
302064000       19600508   4840               14.19                    
302064000       19610223   3060               10.75                    
302064000       19620613   6160               15.98                    
302064000       19621110   2970               10.64                    
302064000       19640207   1630                7.49                    
302064000       19650207   4540               13.70                    
302064000       19660301   3910               12.61                    
302064000       19661019   2790               10.21                    
302064000       19680527   1990                8.35                    
302064000       19690325   3720               12.23                    
302064000       19700810   1070                6.08                    
302064000       19710513   8730               18.83                    
302064000       19720622  32600               29.21                    
302064000       19721006   6340               16.23                    
302064000       19740907   5920               15.70                    
302064000       19750319  12800               22.08                    
302064000       19760401   4120               13.00                    
302064000       19761020   3290               11.30                    
302064000       19780126  10100               20.12                    
302064000       19790225  10800               20.55                    
302064000       19800118   3640               12.03                    
302064000       19810607   2910               10.48                    
302064000       19820203   4380               13.41                    
302064000       19830403   4600               13.78                    
302064000       19840214   7500               17.54                    
302064000       19850818   8060               18.14                    
302064000       19851104   9160               19.17                    
302064000       19870908  29800               28.53                    
302064000       19871211   1730                7.74                    
302064000       19890506   5520               15.13                    
302064000       19900318   6290               16.15                    
302064000       19901023   7890               17.96                    
302064000       19920422   3350               11.44                    
302064000       19930304  11400               21.01                    
302064000       19931128   5650               15.31                    
302064000       19950606   3780               12.28                    
302064000       19960906  62800               36.14                    
302064000       19961201   2980               10.66                    
302064000       19980321   6470               16.36                    
302064000       19990930   4620               13.81                    
302064000       20000418   1660                7.58                    
302064000       20010330   2600                9.81                    
302064000       20020317    888                5.58                    
302064000       20030703   7760               17.82                    
302064000       20040207   3070               10.85                    
302064000       20050114   4970               14.34                    
302064000       20060905   5190               14.66                    
302064000       20070316   5140               14.59                    
302064000       20080509   5820               15.54                    
302064000       20090107   2730               10.10                    
302064000       20100125   5570               15.20                    
302064000       20110907   1610                7.46                    
302064000       20120325   5030               14.42                    
302064000       20130118   2760               10.17                    
302064000       20140516   3420               11.60                    
302064000       20170505   3260               11.25                    
302064000       20180519   6150               15.97                    
302064000       20181011   5040               14.44                    
