Z02077200                       USGS 
H02077200       3623520791148003737033SW0301010445.9           400.08           
N02077200       HYCO CREEK NEAR LEASBURG, NC
Y02077200       
302077200       19641017   2270               35.61                    
302077200       19660228   1360               34.16                    
302077200       19670221    440               31.34                    
302077200       19680313   2480               35.92                    
302077200       19690307    5901                                       
302077200       19700217    960               33.35                    
302077200       19710828   1960               35.16                    
302077200       19720621   2540               35.98                    
302077200       19721215   2880               36.47                    
302077200       19740907   4200               37.82                    
302077200       19750714   6720               39.84                    
302077200       19760101    844               33.06                    
302077200       19770111    422               31.08                    
302077200       19780426   5530               38.97                    
302077200       19790225   4240               37.87                    
302077200       19791112   1040               33.72                    
302077200       19810704   1270               34.17                    
302077200       19820611   1380               34.34                    
302077200       19830416   2490               35.92                    
302077200       19840728   4110               37.75                    
302077200       19850818   1940               35.14                    
302077200       19851122   1120               33.88                    
302077200       19870908   3450               37.12                    
302077200       19880120    476               31.32                    
302077200       19890801   3140               36.74                    
302077200       19891003   1020               33.68                    
302077200       19910330   2830               36.39                    
302077200       19920104   2370               35.76                    
302077200       19940302   2730               36.26                    
302077200       19950827                      48.53                    
302077200       19960906   9140               40.47                    
302077200       19970429   4630               37.42                    
302077200       19990916   3890               36.74                    
302077200       20000616    654               31.86                    
302077200       20010330   1920               34.63                    
302077200       20020901    874               32.64                    
302077200       20030320   5080               37.80                    
302077200       20040909    571               31.38                    
302077200       20041210   2580               35.42                    
302077200       20060706   3370               36.20                    
302077200       20061122   2650               35.39                    
302077200       20080907   1190               32.78                    
302077200       20090605   3650               35.89                    
302077200       20091112   2560               35.47                    
302077200       20110331    291               29.64                    
302077200       20120325    682               31.23                    
302077200       20130802   2710               35.60                    
302077200       20140112   2660               35.90                    
302077200       20150306    800               31.94                    
302077200       20151003   3520               36.00                    
302077200       20170425   7320               38.55                    
302077200       20180917   1770               34.90                    
302077200       20181113   8200               38.87                    
