Z02070000                       USGS 
H02070000       3634050795915005151089SW03010103108            730.94           
N02070000       NORTH MAYO RIVER NEAR SPENCER, VA
Y02070000       
302070000       19290228   1660                5.803                   
302070000       19291002   4600                9.003                   
302070000       19310521   1980                6.203                   
302070000       19320306   2840                7.203                   
302070000       19321017   7200               11.003                   
302070000       19340329   1450                5.503                   
302070000       19350123   1310                5.263                   
302070000       19360119   3200                7.6036                   
302070000       19370103   3060                6.95                    
302070000       19371019  14300               14.33                    
302070000       19390819   3820                7.75                    
302070000       19400814   6800               10.11                    
302070000       19401229   1180                4.45                    
302070000       19420610   4980                8.75                    
302070000       19430419   2660                6.48                    
302070000       19440930   2580                6.38                    
302070000       19450918   7280               10.40                    
302070000       19460108   1850                5.38                    
302070000       19470120   1480                4.86                    
302070000       19471009  17200               15.80                    
302070000       19490629   2500                6.32                    
302070000       19500910   1390                4.68                    
302070000       19510207   1680                5.17                    
302070000       19511221   2270                6.05                    
302070000       19530324   2500                6.28                    
302070000       19540122   2200                5.88                    
302070000       19541015   2420                6.15                    
302070000       19560416   1680                5.16                    
302070000       19570917   6350                9.77                    
302070000       19571119   2580                6.42                    
302070000       19581229   3150                7.11                    
302070000       19591001   4490                8.38                    
302070000       19610308   1870                5.43                    
302070000       19611212   2200                5.90                    
302070000       19630312   2980                6.87                    
302070000       19640901   2500                6.33                    
302070000       19650208   2270                6.04                    
302070000       19660213   2270                6.02                    
302070000       19670824   1310                4.50                    
302070000       19680312   1870                5.35                    
302070000       19681019   2340                6.10                    
302070000       19700810   2500                6.32                    
302070000       19701031   3620                7.63                    
302070000       19720621  12600               13.41                    
302070000       19730202   2740                6.56                    
302070000       19740405   3420                7.35                    
302070000       19750314   3520                7.53                    
302070000       19760530   1460                4.77                    
302070000       19761009   2900                6.77                    
302070000       19780126   3330                7.27                    
302070000       19790922  13100               13.70                    
302070000       19800409   4040                7.96                    
302070000       19810916    745                3.52                    
302070000       19811027   1190                4.30                    
302070000       19830410   3210                7.17                    
302070000       19840214   1920                5.48                    
302070000       19850818  14100               14.22                    
302070000       19851105   9910               11.95                    
302070000       19870907  12500               13.39                    
302070000       19871110    845                3.71                    
302070000       19890706   6900               10.16                    
302070000       19900317   4000                7.96                    
302070000       19901023   4620                8.51                    
302070000       19920605   5670                9.32                    
302070000       19930304   4010                7.97                    
302070000       19940328   2820                6.69                    
302070000       19950629   2790                6.65                    
302070000       19960610   5880                9.54                    
302070000       19970303   2490                6.29                    
302070000       19980128   2650                6.48                    
302070000       19990929   1160                4.33                    
302070000       20000321   1070                4.16                    
302070000       20010330   1340                4.64                    
302070000       20020318   1050                4.13                    
302070000       20030320   5250                9.04                    
302070000       20040928   3570                7.51                    
302070000       20050328   2000                5.64                    
302070000       20051008   1910                5.52                    
302070000       20070101   2460                6.25                    
302070000       20080509   3200                7.11                    
302070000       20090605   2810                6.67                    
302070000       20100125   7890               10.95                    
302070000       20110306   2080                5.75                    
302070000       20111208   2290                6.03                    
302070000       20130118   2620                6.45                    
302070000       20140111   1480                4.88                    
302070000       20150930   5570                9.30                    
302070000       20151110   2940                6.82                    
302070000       20170617   2940                6.82                    
302070000       20180917   5830                9.50                    
302070000       20181012   4860                8.72                    
