Z02082950                       USGS 
H02082950       3611000775234003737083SW03020102177            115.44           
N02082950       LITTLE FISHING CREEK NEAR WHITE OAK, NC
Y02082950       
302082950       19600731   3140               16.00                    
302082950       19610828   2270               13.65                    
302082950       19620108   3500               16.75                    
302082950       19630318   1220                9.05                    
302082950       19640409   2160               12.61                    
302082950       19650617   2570               14.711                   
302082950       19660301   1440               10.081                   
302082950       19670826   2530               14.521                   
302082950       19680114   2520               13.81                    
302082950       19690617   1630               11.70                    
302082950       19700219   1770               12.761                   
302082950       19710531   1780               11.671                   
302082950       19711025   3440               16.55                    
302082950       19721007  18000               24.80        1919          
302082950       19740807   1040                8.44                    
302082950       19750715   5800               19.40                    
302082950       19760917   2810               15.15                    
302082950       19770314   1840               12.27                    
302082950       19771108   3340               16.27                    
302082950       19790226   3550               16.64                    
302082950       19791127   1610               11.25                    
302082950       19810603   1020                8.66                    
302082950       19820706   1340               10.19                    
302082950       19830320   3910               17.23                    
302082950       19840531   8420               21.27                    
302082950       19850203   1820               13.05                    
302082950       19851123   6240               19.77                    
302082950       19870417   5630               19.19                    
302082950       19880212    918                8.72                    
302082950       19890215   2070               13.99                    
302082950       19900404   2320               13.90                    
302082950       19910331   1240                9.72                    
302082950       19920106   2550               14.50                    
302082950       19930306   3940               17.19                    
302082950       19940304   3450               16.89                    
302082950       19950310   3440               16.87                    
302082950       19960911   2180               13.42                    
302082950       19970430   2890               15.43                    
302082950       19980310   4800               18.31                    
302082950       19990916  310009              30.80                    
302082950       20000725   4870               19.09                    
302082950       20010331   1680               12.38                    
302082950       20020402   2390               14.91                    
302082950       20030920   3960               17.94                    
302082950       20040901   1760               12.71                    
302082950       20041021   1940               13.39                    
302082950       20060615   3000               16.27                    
302082950       20061118   1800               12.87                    
302082950       20080420    963                9.17                    
302082950       20090303   1600               12.07                    
302082950       20100207   1880               13.19                    
302082950       20101002   1230               10.45                    
302082950       20120821   1590               12.00                    
302082950       20130609   2490               15.15                    
302082950       20140910   4840               19.05                    
302082950       20141226   1810               12.80                    
302082950       20151005   2030               13.53                    
302082950       20161009  13300               24.72                    
302082950       20180523   1470               10.94                    
302082950       20190225   3700               17.44                    
