Z02081500                       USGS 
H02081500       3611390783459003737077SW03020101167            286.34           
N02081500       TAR RIVER NEAR TAR RIVER, NC
Y02081500       
302081500       19400525   5550               11.90                    
302081500       19401115   4380               10.64                    
302081500       19420217   2370                8.03                    
302081500       19430420   3220                9.18                    
302081500       19440930   8050               14.27                    
302081500       19450918  10600               16.51                    
302081500       19460211   4560               10.83                    
302081500       19470114   21002                                       
302081500       19471010   6840               13.21                    
302081500       19481129   5640               12.00                    
302081500       19500710   3500                9.49                    
302081500       19510403   1940                7.24                    
302081500       19520901   7060               13.36                    
302081500       19521120   7500               13.78                    
302081500       19540617   5370               11.70                    
302081500       19550818  13100               18.07                    
302081500       19560317   4920               11.19                    
302081500       19570201   6500               13.00                    
302081500       19580406   4790               11.29                    
302081500       19581229   6050               13.00                    
302081500       19600219   4560               11.30                    
302081500       19610208   3210                9.50                    
302081500       19620107   6450               13.39                    
302081500       19630307   5870               12.44                    
302081500       19640206   2900                8.80                    
302081500       19650208   5490               11.89                    
302081500       19660301   3490                9.62                    
302081500       19670619   9030               15.10                    
302081500       19680313   3100                9.08                    
302081500       19690729   4600               10.94                    
302081500       19700711   3410                9.52                    
302081500       19710913   3690                9.88                    
302081500       19720622   6420               12.82                    
302081500       19730819  10300               16.10                    
302081500       19740907   7240               13.58                    
302081500       19750314   9130               15.18                    
302081500       19760128   2390                8.05                    
302081500       19770110   1730                6.95                    
302081500       19780427  14200               18.87                    
302081500       19790225   6340               12.65                    
302081500       19791112   7230               13.54                    
302081500       19810820   1690                6.67                    
302081500       19820611   4910               11.14                    
302081500       19830416   7730               14.00                    
302081500       19840306   8330               14.52                    
302081500       19850104   3230                9.06                    
302081500       19851122   5480               11.76                    
302081500       19870302   7610               13.88                    
302081500       19880120   1110                5.50                    
302081500       19890223   27001                                       
302081500       19900530   3420                9.31                    
302081500       19910330   4670               10.86                    
302081500       19920104   7420               13.70                    
302081500       19930305  13200               18.17                    
302081500       19940303   6530               12.84                    
302081500       19950629   4650               10.84                    
302081500       19960906  19900               24.06                    
302081500       19970429   3780               10.14                    
302081500       19980319  13200               19.36                    
302081500       19990916  11000               17.59                    
302081500       20000317   4990               11.36                    
302081500       20010330   5760               12.25                    
302081500       20020120    815                4.76                    
302081500       20021012  10800               17.16                    
302081500       20040831   4180               10.37                    
302081500       20041211   4100               10.26                    
302081500       20060706   2740                8.37                    
302081500       20061116   4410               10.66                    
302081500       20080907   6900               13.48                    
302081500       20090302   3060                8.85                    
302081500       20100206   5720               12.21                    
302081500       20110331   1830                6.66                    
302081500       20120919   1830                6.58                    
302081500       20130608   6700               13.02                    
302081500       20140516   7830               14.11                    
302081500       20141225   3080                8.52                    
302081500       20151224   8550               14.82                    
302081500       20161009  11500               17.56                    
302081500       20180918  145009              20.04                    
302081500       20181113   9590               15.81                    
