Z02096846                       USGS 
H02096846       3559140791222003737135SW030300027.54           507.69           
N02096846       CANE CREEK NEAR ORANGE GROVE, NC
Y02096846       
302096846       19890716    864                6.04                    
302096846       19900504    421                4.66                    
302096846       19910924    516                5.01                    
302096846       19920626    433                4.69                    
302096846       19930304   1740                6.39                    
302096846       19940327    725                5.17                    
302096846       19950629   1280                5.88                    
302096846       19960906   2060                7.90                    
302096846       19970428    458                4.59                    
302096846       19980217   1110                6.15                    
302096846       19990916    689                5.20                    
302096846       20000724    903                5.50                    
302096846       20010329    608                4.66                    
302096846       20020123    117                2.79                    
302096846       20030410    990                5.73                    
302096846       20040830    599                4.63                    
302096846       20050114    388                3.93                    
302096846       20060925    356                3.83                    
302096846       20070302    644                4.77                    
302096846       20080906    978                5.70                    
302096846       20090301    407                4.00                    
302096846       20100205    696                4.92                    
302096846       20110708    225                3.56                    
302096846       20120505    384                4.28                    
302096846       20130703    718                5.35                    
302096846       20140516    458                4.80                    
302096846       20150419    416                4.60                    
302096846       20151230    819                5.59                    
302096846       20161008    849                5.67                    
302096846       20180917    90729              5.982                   
302096846       20190413   2050R                                       
