Z02111500                       USGS 
H02111500       3610300811008003737193SW0304010189.2           978.08           
N02111500       REDDIES RIVER AT NORTH WILKESBORO, NC
Y02111500       
302111500       19400814  27000               22.02                    
302111500       19410719   7330               11.06                    
302111500       19420906   7200               11.05                    
302111500       19430709   3360                7.43                    
302111500       19440930   4500                8.57                    
302111500       19450917   8780               12.20                    
302111500       19460107   2030                5.66                    
302111500       19470614   3540                7.63                    
302111500       19471017   2680                6.57                    
302111500       19490828   5600               11.50                    
302111500       19500512   2210                6.46                    
302111500       19501207   4690               10.23                    
302111500       19520311   7400               12.52                    
302111500       19530221   2500                7.29                    
302111500       19540221   2440                7.15                    
302111500       19550414   3270                8.00                    
302111500       19560416   2150                6.32                    
302111500       19570405   4290                9.26                    
302111500       19580331   1730                5.64                    
302111500       19590930   4040                9.60                    
302111500       19600205   3000                7.97                    
302111500       19610225   1880                6.06                    
302111500       19611212   2080                6.53                    
302111500       19630312   3790                9.12                    
302111500       19640830   3610                8.87                    
302111500       19650326   2510                7.22                    
302111500       19660213   4640               10.13                    
302111500       19670824   1140                4.60                    
302111500       19680312   1380                5.09                    
302111500       19690615   3770                9.08                    
302111500       19700810   7420               12.84                    
302111500       19710922   1690                5.72                    
302111500       19720621   4960               10.49                    
302111500       19730528   4280                9.71                    
302111500       19740404   6460               12.01                    
302111500       19750314   5120               10.67                    
302111500       19751017   9100               14.07                    
302111500       19770313   4060                9.44                    
302111500       19771106   7300               12.70                    
302111500       19800409   5360               10.61                    
302111500       19810528   2030                5.56                    
302111500       19820203   2260                5.95                    
302111500       19830409   7340               12.35                    
302111500       19831212   2820                7.01                    
302111500       19850817   2280                6.14                    
302111500       19851104   2990                7.27                    
302111500       19870301   4690                9.56                    
302111500       19871129    685                3.22                    
302111500       19890922   4030                8.77                    
302111500       19891116   6710               11.72                    
302111500       19901012   3340                7.80                    
302111500       19920604   4010                8.74                    
302111500       19930323   4330                9.15                    
302111500       19940817   5830               10.82                    
302111500       19950114   4510                9.36                    
302111500       19961201   3150                7.52                    
302111500       19980108   3450                7.96                    
302111500       19981008   1370                4.66                    
302111500       19991126   1090                4.13                    
302111500       20010329   1340                4.60                    
302111500       20020927   1710                5.25                    
302111500       20030410   3320                7.76                    
302111500       20031119   4010                8.74                    
302111500       20050114   2760                6.92                    
302111500       20060627   2770                6.94                    
302111500       20070101   3010                7.36                    
302111500       20080827   2490                6.60                    
302111500       20090107   2670                6.87                    
302111500       20100125   4430                9.22                    
302111500       20110306   4080                8.78                    
302111500       20120514   2700                6.91                    
302111500       20130506   5210               10.12                    
302111500       20131223   2080                5.95                    
302111500       20150419   2680                6.88                    
302111500       20160203   3960                8.63                    
302111500       20170425   4410                9.18                    
302111500       20180917   4130                8.84                    
302111500       20181011   6340               11.35                    
