Z02137727                       USGS 
H02137727       3541090820337003737111SW03050101126            1233.82          
N02137727       CATAWBA R NR PLEASANT GARDENS, NC
Y02137727       
302137727       19810527   2600                6.65                    
302137727       19820527   4480                9.03                    
302137727       19830202  11000               13.60                    
302137727       19840213   6090                9.75                    
302137727       19850212   3640                7.43                    
302137727       19851101   6980               10.48                    
302137727       19870301   5880                9.57                    
302137727       19880120   1060                4.11                    
302137727       19890828   5870                9.56                    
302137727       19900825   7830               11.14                    
302137727       19901012   7700               11.04                    
302137727       19920421   6640               10.21                    
302137727       19930504   4680                8.48                    
302137727       19940817  13700               15.22                    
302137727       19950115  11100               13.62                    
302137727       19951005  10600               13.30                    
302137727       19970314   3650                7.45                    
302137727       19980108  13600               15.15                    
302137727       19990123   1570                4.95                    
302137727       20000320   3960                7.76                    
302137727       20010329   1880                5.41                    
302137727       20020927   2730                6.43                    
302137727       20030702   5330                9.07                    
302137727       20040908  230009              17.55                    
302137727       20050707   5640                9.36                    
302137727       20060626   2990                6.72                    
302137727       20070101   2600                6.28                    
302137727       20080827   6840               10.38                    
302137727       20090527   3050                6.81                    
302137727       20091225   5230                9.01                    
302137727       20101201   5970                9.66                    
302137727       20120918   1730                5.00                    
302137727       20130506  11800               13.72                    
302137727       20131223   2470                6.01                    
302137727       20141015   5040                8.76                    
302137727       20160203   5260                8.97                    
302137727       20170331   3090                6.75                    
302137727       20180530  16900               15.72                    
302137727       20181011  10800               13.13                    
