Z02152100                       USGS 
H02152100       3529350814056003737045SW0305010560.5           899.87           
N02152100       FIRST BROAD RIVER NEAR CASAR, NC
Y02152100       
302152100       19591010   3700               11.45                    
302152100       19610622   3650               11.33                    
302152100       19611212   2410                8.44                    
302152100       19630312   2460                8.52                    
302152100       19640407   2190                8.08                    
302152100       19641004   4740               13.58                    
302152100       19660213   3360               10.93                    
302152100       19670707   1830                7.31                    
302152100       19680512   2260                8.39                    
302152100       19690418   1940                7.59                    
302152100       19700810   6580               15.22                    
302152100       19710105   1400                6.19                    
302152100       19711207   1860                7.40                    
302152100       19730528   3460               10.76                    
302152100       19740404   1450                6.34                    
302152100       19750314   5170               13.38                    
302152100       19751017   7760               16.70                    
302152100       19761008   4540               12.49                    
302152100       19771106   6210               14.81                    
302152100       19790225   1790                7.24                    
302152100       19791001   2760                9.54                    
302152100       19810906    890                4.65                    
302152100       19820203   2400                7.76                    
302152100       19830410   6340               13.79                    
302152100       19840213   5300               12.50                    
302152100       19850829   3250                9.26                    
302152100       19851104   1160                5.11                    
302152100       19870301   5600               12.80                    
302152100       19871110    620                3.50                    
302152100       19890922   2960                9.13                    
302152100       19891001   3380                9.93                    
302152100       19901012   4290               11.58                    
302152100       19920421   3670               10.47                    
302152100       19930324   2500                8.26                    
302152100       19940817   4500               11.92                    
302152100       19950114   7790               15.58                    
302152100       19961201   2080                6.84                    
302152100       19980108   2740                8.13                    
302152100       19990430    944                4.31                    
302152100       20000320   1860                6.35                    
302152100       20010329    851                4.07                    
302152100       20020123    519                3.03                    
302152100       20030713   6670               14.32                    
302152100       20040908  12500               19.89                    
302152100       20050707   5120               11.82                    
302152100       20051007   2610                7.67                    
302152100       20070302   2820                8.04                    
302152100       20080827    675                3.65                    
302152100       20090817   2790                7.99                    
302152100       20100125   5280               12.56                    
302152100       20101201   3100                8.51                    
302152100       20120514   4210               10.25                    
302152100       20130506   5530               12.16                    
302152100       20140913   2610                7.67                    
302152100       20150419   1380                5.29                    
302152100       20151229   2690                7.81                    
302152100       20170424   1900                6.37                    
302152100       20180416   2090                6.73                    
302152100       20181011   3300                8.83                    
