Z02177000                       USGS 
H02177000       3448500831822004513073SW03060102207    207     1165.5           
N02177000       CHATTOOGA RIVER NEAR CLAYTON, GA
Y02177000       
302177000       19141015  126007               8.25                    
302177000       19170324  140002                                       
302177000       19180128   59002                                       
302177000       19181222  160002                                       
302177000       19191209   82002                                       
302177000       19210210   41002                                       
302177000       19220121   62002                                       
302177000       19221217   53002                                       
302177000       19240920   92002                                       
302177000       19241208   39002                                       
302177000       19260118   62002                                       
302177000       19261226   36002                                       
302177000       19280815  20100               10.90                    
302177000       19290926  11400                7.70                    
302177000       19400830  29000               13.80        1915          
302177000       19410707   7530                6.10                    
302177000       19420217   6870                5.75                    
302177000       19421229   6870                5.80                    
302177000       19440319   3840                4.25                    
302177000       19450417   2930                3.70                    
302177000       19460210   6650                5.70                    
302177000       19470120   6440                5.57                    
302177000       19480712  12400                8.11                    
302177000       19490616  13900                8.66                    
302177000       19500313   4740                4.73                    
302177000       19501207   5220                5.02                    
302177000       19520311  13400                8.50                    
302177000       19530221   6020                5.40                    
302177000       19540122   6230                5.50                    
302177000       19550206   5820                5.30                    
302177000       19560416   5820                5.30                    
302177000       19570405   5820                5.34                    
302177000       19571119   5620                5.20                    
302177000       19590531   5620                5.17                    
302177000       19591009   6440                5.60                    
302177000       19610225   7310                6.00                    
302177000       19611212   9660                7.01                    
302177000       19630306   5420                5.10                    
302177000       19640929   9880                7.08                    
302177000       19641004  27200               13.20                    
302177000       19660213  13400                8.50                    
302177000       19670604  15400                9.27                    
302177000       19680312   5620                5.25                    
302177000       19690615  14700                9.00                    
302177000       19691102   3480                4.15                    
302177000       19710222   3290                3.91                    
302177000       19711207   7440                6.06                    
302177000       19730528  19600               10.74                    
302177000       19731226   6400                5.58                    
302177000       19750924   6340                5.55                    
302177000       19760515  18500               10.37                    
302177000       19770313  13000                8.25                    
302177000       19780126   7850                6.24                    
302177000       19790304  14800                9.03                    
302177000       19791102  10900                7.52                    
302177000       19810527   4120                4.41                    
302177000       19820203   5000                4.89                    
302177000       19830202   7910                6.27                    
302177000       19840213   4810                4.79                    
302177000       19850817   4740                4.75                    
302177000       19851101   4850                4.81                    
302177000       19861126  10400                7.34                    
302177000       19880120   4920                4.85                    
302177000       19890704   5200                5.00                    
302177000       19900216  11000                7.59                    
302177000       19910329   5800                5.30                    
302177000       19920828   8770                6.64                    
302177000       19921122   6130                5.46                    
302177000       19940817  17500                9.99                    
302177000       19950115   6250                5.52                    
302177000       19960127  10500                7.36                    
302177000       19961201   9760                7.05                    
302177000       19980108  12600                8.24                    
302177000       19990401   3760                4.19                    
302177000       19991126   3750                4.18                    
302177000       20010924   2350                3.26                    
302177000       20020927   4980                4.88                    
302177000       20030923   5690                5.25                    
302177000       20040917  33300               11.21                    
302177000       20050612  10700                6.76                    
302177000       20051129   4690                4.66                    
302177000       20070101   5520                5.05                    
302177000       20080826   8070                5.99                    
302177000       20090920  17400                8.24                    
302177000       20100125   5790                5.16                    
302177000       20110306   7090                5.65                    
302177000       20111128   6980                5.61                    
302177000       20130705   6670                5.50                    
302177000       20131223   5020                4.82                    
302177000       20141015   4690                4.66                    
302177000       20151229  15100                7.77                    
302177000       20170424   2060                3.08                    
302177000       20180531   7600                5.83                    
302177000       20181228  14800                7.66                    
