Z02202600                       USGS 
H02202600       3210040812918001313029SW03060202232            27.5             
N02202600       BLACK CREEK NEAR BLITCHTON, GA
Y02202600       
302202600       19800315   1590                9.98                    
302202600       19810406    290                6.75                    
302202600       19820217    968                8.93                    
302202600       19830217   2260               10.51                    
302202600       19840308   4840               12.40                    
302202600       19850903    808                8.59                    
302202600       19851124   5480               12.84                    
302202600       19870124   3340               11.52                    
302202600       19880920   1090                8.98                    
302202600       19890924   2600               10.92                    
302202600       19900109   5620               12.91                    
302202600       19910602   5400               12.79                    
302202600       19920818   1580                9.79                    
302202600       19930114   5560               12.88                    
302202600       19940305   1730               10.00                    
302202600       19941014  11100               15.28                    
302202600       19960401    399                7.30                    
302202600       19970217   1060                8.92                    
302202600       19980310   5740               12.78                    
302202600       19990205    554                7.81                    
302202600       20000218    608                7.95                    
302202600       20010324    890                8.58                    
302202600       20020928    159                5.47                    
302202600       20030810   2660               10.97                    
302202600       20040217   1220                9.23                    
302202600       20050605   9790               14.80                    
302202600       20060105   1100                9.01                    
302202600       20070204    272                6.67                    
302202600       20080225   1130                9.07                    
302202600       20090404   2140               10.47                    
302202600       20091216   3660               11.66                    
302202600       20110208    299                6.84                    
302202600       20120902    310                6.91                    
302202600       20130228   2570               10.73                    
302202600       20140421   1640                9.69                    
302202600       20150228   2290               10.45                    
302202600       20160206   3910               11.84                    
302202600       20170124   4870               12.47                    
302202600       20180806   2170               10.32                    
302202600       20181204   3240               11.33                    
