Z02231342                       USGS 
H02231342       2734060804747001212093SW0308010152.6                            
N02231342       FT DRUM CREEK AT SUNSHINE ST PKY NEAR FT DRUM, FL
Y02231342       
302231342       19780801    650               37.50                    
302231342       19790904   1410               38.35                    
302231342       19800403    157               36.37                    
302231342       19810830   57.0               35.60                    
302231342       19820621    806               37.71                    
302231342       19830217    419               36.88                    
302231342       19840723    850               37.70                    
302231342       19850919   1010               37.91                    
302231342       19860806    377               36.69                    
302231342       19870106    176               36.05                    
302231342       19871121    62012                                      
302231342       19890927    353               36.61                    
302231342       19891011    911               37.83                    
302231342       19910722    507               37.13                    
302231342       19920814    534               37.14                    
302231342       19930327    625               37.32                    
302231342       19940921    600               37.28                    
302231342       19950906    758               37.57                    
302231342       19951018    730               37.47                    
302231342       19970810    422               36.84                    
302231342       19980321   1380               38.50                    
302231342       19990702    605               37.28                    
302231342       19991009   1090               38.10                    
302231342       20010910    548               37.16                    
302231342       20011026    942               37.88                    
302231342       20030905    342               36.66                    
302231342       20040927   1470               39.09                    
302231342       20050701    905               37.94                    
302231342       20051025   1090               38.57                    
302231342       20070804    364               36.72                    
302231342       20080820   2360               39.88                    
302231342       20090903    565               37.67                    
302231342       20100907    252               36.85                    
302231342       20110126   30.0               35.572                   
302231342       20111010    998               38.34                    
302231342       20130703    752               38.02                    
302231342       20140808    357               37.17                    
302231342       20150831    395               37.27                    
302231342       20160129    597               37.73                    
302231342       20170911   3190               40.51                    
302231342       20171006    804               38.12                    
302231342       20190815    315               37.07                    
