Z02231000                       USGS 
H02231000       3021310820454001212003SW03070204700            40.00            
N02231000       ST. MARYS RIVER NEAR MACCLENNY, FL
Y02231000       
302231000       19270824   3070               12.40                    
302231000       19280920  26100               21.90                    
302231000       19290318   4990               14.18                    
302231000       19291002  11400               18.18                    
302231000       19310407   2080               10.62                    
302231000       19320918   4860               14.10                    
302231000       19330417   5250               14.38                    
302231000       19340618   8260               16.39                    
302231000       19350908   4990               14.20                    
302231000       19360223   1540                9.40                    
302231000       19370924   6030               14.95                    
302231000       19380808   7920               16.25                    
302231000       19381025   7100               15.70                    
302231000       19400220   2250               11.11                    
302231000       19410728   1520                9.17                    
302231000       19420106   6800               15.36                    
302231000       19430821   1450                8.98                    
302231000       19440828   5770               14.85                    
302231000       19441021  16100               19.67                    
302231000       19460802   6260               15.13                    
302231000       19470925  28100               22.29                    
302231000       19480403  26600               21.97                    
302231000       19490208   8230               16.58                    
302231000       19500907  26600               21.96                    
302231000       19501022  22600               21.23                    
302231000       19520228   1810               10.23                    
302231000       19530829   5600               15.00                    
302231000       19531002  11900               18.27                    
302231000       19550915    762                6.85                    
302231000       19560508   2010               10.73                    
302231000       19570612   8420               16.70                    
302231000       19580412   8020               16.36                    
302231000       19590318  10000               17.42                    
302231000       19600319   7770               16.80                    
302231000       19610828   5770               14.92                    
302231000       19620405   2460               11.76                    
302231000       19630930   8070               16.39                    
302231000       19640913  26000               23.25                    
302231000       19641228   7380               16.68                    
302231000       19660302   5210               15.19                    
302231000       19670215   5030               14.75                    
302231000       19680831   3710               13.83                    
302231000       19690925   2760               12.25                    
302231000       19700331  14500               19.88                    
302231000       19710820   6240               15.96                    
302231000       19720629   3880               14.01                    
302231000       19730405  28000               22.86                    
302231000       19740907   5550               15.50                    
302231000       19750417   4500               14.50                    
302231000       19760527   2080               11.18                    
302231000       19770924   3350               13.33                    
302231000       19780506   4590               14.59                    
302231000       19790929   4580               14.58                    
302231000       19800312   6950               16.35                    
302231000       19810403   2120               11.32                    
302231000       19820413   3220               12.64                    
302231000       19830320   4610               14.61                    
302231000       19840405   8220               17.11                    
302231000       19850903   4950               14.92                    
302231000       19860212   5770               15.18                    
302231000       19870331   6250               15.51                    
302231000       19880909   9260               17.43                    
302231000       19890930   1890               11.20                    
302231000       19900224   1890               10.30                    
302231000       19910305   4890               14.30                    
302231000       19920823   2710               12.10                    
302231000       19921004  15000               19.81                    
302231000       19940201   4770               14.50                    
302231000       19941013   7950               16.71                    
302231000       19960320   1960               10.50                    
302231000       19961008  14400               19.62                    
302231000       19980219  14700               19.69                    
302231000       19981004   8790               17.18                    
302231000       20000910   1420                8.95                    
302231000       20010916   1740                9.90                    
302231000       20020305   2490               11.77                    
302231000       20030310  11100               18.33                    
302231000       20040908  19600               21.06                    
302231000       20050403   5300               15.21                    
302231000       20051220   3910               13.84                    
302231000       20070805   3860               13.62                    
302231000       20080824  20500               21.14                    
302231000       20090527   6150               15.59                    
302231000       20100215   2160               11.81                    
302231000       20110212   1400               10.13                    
302231000       20120628  34800               24.38                    
302231000       20130707   3140               13.15                    
302231000       20140911   7000               16.36                    
302231000       20141002   2520               12.65                    
302231000       20160905   3480               13.79                    
302231000       20170912  24100               22.32                    
302231000       20180704   2720               12.92                    
302231000       20181217   2690               13.05                    
