Z02235200                       USGS 
H02235200       2852280812923001212069SW03080101126            18.55            
N02235200       BLACKWATER CREEK NEAR CASSIA, FL
Y02235200       
302235200       19621006    263                8.19                    
302235200       19640913    506                9.06                    
302235200       19650811    265                8.20                    
302235200       19660815    291                8.33                    
302235200       19670830    216                7.93                    
302235200       19680901    749                9.93                    
302235200       19681022    555                9.28                    
302235200       19691005    422                8.75                    
302235200       19710210    240                7.90                    
302235200       19720402    276                8.08                    
302235200       19730916    216                7.74                    
302235200       19740907    342                8.41                    
302235200       19750901    296                8.18                    
302235200       19760606    324                8.32                    
302235200       1977        1554Bm             7.33Bm                   
302235200       19780808    385                8.60                    
302235200       19790929    605                9.45                    
302235200       19800404    188                7.55                    
302235200       19810918   56.0                6.31                    
302235200       19820412    396                8.89                    
302235200       19830424    281                8.22                    
302235200       19840411    2142               7.675                   
302235200       19850921    393                8.50                    
302235200       19860114    290                8.02                    
302235200       19870401    460                8.82                    
302235200       19880911    248                8.02                    
302235200       19890124   77.0                6.76                    
302235200       19900227   56.0                6.28                    
302235200       19910602    215                7.80                    
302235200       19911008   54.0                6.26                    
302235200       19930327    160                7.43                    
302235200       19940912    337                8.37                    
302235200       19941118    613                8.91                    
302235200       19951012    390                8.22                    
302235200       19961012    233                7.60                    
302235200       19980221    428                8.33                    
302235200       19981005    174                7.27                    
302235200       19991008    135                7.01                    
302235200       20010917    783                9.17                    
302235200       20020816    191                7.46                    
302235200       20030310    314                7.85                    
302235200       20040913    570                9.43                    
302235200       20041001    835                9.67                    
302235200       20051025    267                8.07                    
302235200       20070721   18.0                5.87                    
302235200       20080826    811               10.13                    
302235200       20090526    738                9.23                    
302235200       20100316    225                7.86                    
302235200       20110407   95.0                6.94                    
302235200       20120830    119                7.29                    
302235200       20121008    237                7.90                    
302235200       20140731    178                7.67                    
302235200       20150920    255                8.18                    
302235200       20160206    268                8.02                    
302235200       20170912    664                9.01                    
302235200       20180706    296                8.11                    
302235200       20190817    1682                                       
