Z02245500                       USGS 
H02245500       2958450815108001212019SW03080103134            9.82             
N02245500       SOUTH FORK BLACK CREEK NEAR PENNEY FARMS, FL
Y02245500       
302245500       19400219   1140               12.00                    
302245500       19401225   1650               14.16                    
302245500       19411021   8560               21.65                    
302245500       19430815   6240               19.87                    
302245500       19440809   2840               16.64                    
302245500       19441019  13900               26.33                    
302245500       19451226   1530               13.92                    
302245500       19470924   9390               22.60                    
302245500       19471025   7130               20.36                    
302245500       19481003   5230               18.88                    
302245500       19500907   5020               18.68                    
302245500       19501019   7970               21.25                    
302245500       19520217   1110               11.93                    
302245500       19530420   5790               19.40                    
302245500       19531224   2550               15.89                    
302245500       19550913    608                8.02                    
302245500       19560622    809                9.99                    
302245500       19561017   2410               15.69                    
302245500       19580416   1600               14.07                    
302245500       19590521  12500               25.21                    
302245500       19600912   4690               18.37                    
302245500       19610827   3400               17.00                    
302245500       19620805   1110               12.04                    
302245500       19630928   2380               15.48                    
302245500       19640911   6440               20.04                    
302245500       19650730   1510               13.38                    
302245500       19660301   2240               15.15                    
302245500       19670814   2980               16.05                    
302245500       19680831   7080               20.62                    
302245500       19690930   8640               22.03                    
302245500       19700203   9450               22.71                    
302245500       19710716   1120               11.87                    
302245500       19720827   4970               18.56                    
302245500       19730405   2230               14.82                    
302245500       19740906   1350               12.63                    
302245500       19750920   1430               12.99                    
302245500       19760911   1020               11.43                    
302245500       19770104    724                9.04                    
302245500       19780819   1980               14.32                    
302245500       19790512   2180               14.72                    
302245500       19791207   2880               15.91                    
302245500       19810823    680                8.56                    
302245500       19820729   2330               15.02                    
302245500       19830318   1670               13.61                    
302245500       19831230   3970               17.42                    
302245500       19850901   2380               15.08                    
302245500       19860316   2270               14.87                    
302245500       19870223   2910               15.96                    
302245500       19880907   7190               20.79                    
302245500       19890902   1360               12.69                    
302245500       19900224    401                5.51                    
302245500       19910424   2030               14.25                    
302245500       19920926   3800               16.88                    
302245500       19921004   6940               20.43                    
302245500       19940131   2870               15.59                    
302245500       19950803   2070               14.12                    
302245500       19951016   1820               13.88                    
302245500       19970427   9220               22.57                    
302245500       19980217   4660               17.95                    
302245500       19981001   1170               12.03                    
302245500       20000910   4670               17.97                    
302245500       20010915   2490               15.02                    
302245500       20020901   1240               12.32                    
302245500       20030310   1200               12.182                   
302245500       20040907   7420               20.91                    
302245500       20041002   1420               13.03                    
302245500       20051006   2790               15.47                    
302245500       20070801    334                4.86                    
302245500       20080823   4680               17.98                    
302245500       20090521   5000               19.21                    
302245500       20100122   1740               13.85                    
302245500       20110208    307                4.70                    
302245500       20120625   6380               20.71                    
302245500       20130503   9850               23.68                    
302245500       20140713   2930               16.29                    
302245500       20150831   2410               15.33                    
302245500       20160608   1740               13.85                    
302245500       20170911  18100               29.38                    
302245500       20180531   2100               14.69                    
302245500       20190725   1410               13.01                    
