Z02310947                       USGS 
H02310947       2818420820322001212101SW03100208280            75.00            
N02310947       WITHLACOOCHEE RIVER NEAR CUMPRESSCO, FL
Y02310947       
302310947       19680718   1190                6.17                    
302310947       19690819   1430                7.17                    
302310947       19700207   1200                6.59                    
302310947       19710819    852                5.64                    
302310947       19720826    814                5.53                    
302310947       19730914    802                5.49                    
302310947       19740706   1120                6.31                    
302310947       19750924    740                5.18                    
302310947       19760912    788                5.26                    
302310947       19761004    203                5.75                    
302310947       19780221   1000                6.10                    
302310947       19790930   1840               13.456                   
302310947       19791117    292                8.71                    
302310947       19810919    300                8.68                    
302310947       19820731   1130               11.47                    
302310947       19830321   1040               11.18                    
302310947       19840728    759               10.202                   
302310947       19850907   1440               12.78                    
302310947       19860114    832               10.80                    
302310947       19870401   2260               14.03                    
302310947       19880909   1820               13.09                    
302310947       19881127    981               11.34                    
302310947       19900826    388                9.01                    
302310947       19910717   1240               11.83                    
302310947       19920911    143                7.81                    
302310947       19930405    295                8.92                    
302310947       19940929   1290               11.98                    
302310947       19950828   1260               12.08                    
302310947       19951013   1420               12.38                    
302310947       19970929    743               10.74                    
302310947       19971229   325012                                      
302310947       19981004    170                8.00                    
302310947       19991013    142                7.77                    
302310947       20010917   2220               13.82                    
302310947       20020906   134012                                      
302310947       20021216   1480               12.50                    
302310947       20040912   1780               13.35                    
302310947       20041001   2020               13.78                    
302310947       20051028    819               10.78                    
302310947       20070903   93.0                7.24                    
302310947       20080411    179                8.27                    
302310947       20090829    504                9.82                    
302310947       20100316    765               10.81                    
302310947       20110403   1120               11.97                    
302310947       20120629    895               11.26                    
302310947       20130928    779               10.86                    
302310947       20140718    603               10.19                    
302310947       20150820   1260               12.01                    
302310947       20160906    952               11.25                    
302310947       20170915   2630               14.78                    
302310947       20190817    678               10.63                    
