Z02312200                       USGS 
H02312200       2834210820920001212053SW03100208145            59.02            
N02312200       LITTLE WITHLACOOCHEE RIVER AT RERDELL, FL
Y02312200       
302312200       19590322   1940               10.74                    
302312200       19600319   3400               12.32                    
302312200       19610210    106                4.462                   
302312200       19620923    160                4.88                    
302312200       19630306    488                6.88                    
302312200       19640917    748                8.13                    
302312200       19650807    581                7.30                    
302312200       19660922    734                8.05                    
302312200       19670907    532                7.012                   
302312200       19680914    345                5.91                    
302312200       19690321    449                6.58                    
302312200       19700110    713                8.13                    
302312200       19710209   97.0                4.132                   
302312200       19720401    290                5.65                    
302312200       19730915    249                5.40                    
302312200       19740706    524                7.16                    
302312200       19750820    167                4.87                    
302312200       19760628    251                5.27                    
302312200       19770925   80.0                4.04                    
302312200       19780312    264                5.43                    
302312200       19790930   1170                9.68                    
302312200       19800317   49.0                3.57                    
302312200       19810922   65.0                                        
302312200       19820912    595                7.58                    
302312200       19821009    689                8.05                    
302312200       19831231    242                5.15                    
302312200       19850906   1150                9.63                    
302312200       19860119    329                5.84                    
302312200       19870402   1080                9.55                    
302312200       19880912    696                7.95                    
302312200       19890124    283                5.29                    
302312200       19891223   37.0                3.09                    
302312200       19910719    489                6.67                    
302312200       19911006   45.012                                      
302312200       19930403    122                4.51                    
302312200       19940930    773                8.42                    
302312200       19950904    412                6.49                    
302312200       19951016    983                9.21                    
302312200       19961008   46.0                3.19                    
302312200       19971229   1090                                        
302312200       19981001    342                5.90                    
302312200       20000814   18.0                2.54                    
302312200       20010919    562                7.28                    
302312200       20020907    600                7.49                    
302312200       20030825   105012                                      
302312200       20040930    973               10.38                    
302312200       20050716    641                8.51                    
302312200       20051102    283                5.812                   
302312200       20070802   29.0                2.82                    
302312200       20080315   54.0                3.64                    
302312200       20090712    243                5.66                    
302312200       20100402    201                4.97                    
302312200       20110408   59.0                3.48                    
302312200       20120830    519                7.43                    
302312200       20130904    163                4.72                    
302312200       20140720   80.0                3.60                    
302312200       20150909    316                5.79                    
302312200       20160207    340                5.93                    
302312200       20170915    774                9.31                    
302312200       20190805   1360                9.27                    
