Z02315500                       USGS 
H02315500       3019320824418001212023SW031102012430.002430.00 0.00             
N02315500       SUWANNEE RIVER AT WHITE SPRINGS, FLA.
Y02315500       
302315500       19070824   3220               11.403                   
302315500       19080101   6650               20.903                   
302315500       19280430  130001              30.593                   
302315500       19281001  206001              33.903                   
302315500       19291005  196001              33.503                   
302315500       19310124   42801              15.003                   
302315500       19320922  10100               29.266                   
302315500       19330217  10200               28.97                    
302315500       19340813   2220               10.10                    
302315500       19350922   6330               21.07                    
302315500       19360225   4480               16.20                    
302315500       19370418  11100               29.54                    
302315500       19371004   6660               21.90                    
302315500       19390828   5640               19.01                    
302315500       19400220   5180               17.75                    
302315500       19410727   3550               13.52                    
302315500       19420115  11700               30.22                    
302315500       19421002    866                5.74                    
302315500       19440811   7690               24.37                    
302315500       19450825  16500               33.20                    
302315500       19460811   8340               26.11                    
302315500       19470926   9150               27.81                    
302315500       19480405  28500               36.65                    
302315500       19490912   7880               24.91                    
302315500       19500908   2740               11.202                   
302315500       19501030   4200               15.16                    
302315500       19520105   5780               19.34                    
302315500       19530910   52002                                       
302315500       19531008  10100               28.36                    
302315500       19550919   3840               13.98                    
302315500       19560511   1760                8.17                    
302315500       19570610   9130               27.76                    
302315500       19580411   8420               26.29                    
302315500       19590322  20100               34.61                    
302315500       19600319   6810               22.07                    
302315500       19610430   7930               25.03                    
302315500       19620410   9850               28.65                    
302315500       19630304   6100               20.21                    
302315500       19640917  23300               35.82                    
302315500       19650311  11000               29.352                   
302315500       19660320  12600               30.79                    
302315500       19670221   6910               22.18                    
302315500       19680105    727                4.81                    
302315500       19690927   4940               16.42                    
302315500       19700830  12600               30.90                    
302315500       19710906   8610               24.92                    
302315500       19720214   9770               27.28                    
302315500       19730410  38100               40.02        1862          
302315500       19740915   4290               14.72                    
302315500       19750424  10800               28.77                    
302315500       19760603   5920               18.79                    
302315500       19761220  10600               28.47                    
302315500       19780320   6230               19.60                    
302315500       19790517   4280               14.73                    
302315500       19800312   7500               70.0736                   
302315500       19810307   4000               61.543                   
302315500       19820412   3940               61.403                   
302315500       19830328   9570               74.483                   
302315500       19840410  26200               85.40                    
302315500       19850912   44501              63.41                    
302315500       19860221  14400               80.67                    
302315500       19870309  101001              77.39                    
302315500       19880306   73901              71.68                    
302315500       19881005    9002              54.20                    
302315500       19900302   40301              63.15                    
302315500       19910320  12900               79.79                    
302315500       19920829   3880               62.06                    
302315500       19930127   8070               71.26                    
302315500       19940213   9450               73.82                    
302315500       19941013   6600               68.92                    
302315500       19960403   4480               63.44                    
302315500       19961009   9810               74.66                    
302315500       19980226  19300               84.73                    
302315500       19981002   8480               73.19                    
302315500       20000804   1100               55.15                    
302315500       20010807   1770               57.28                    
302315500       20020305   2560               59.58                    
302315500       20030319  11500               78.98                    
302315500       20040304   2900               60.51                    
302315500       20041003  17600               84.03                    
302315500       20060214   5530               66.92                    
302315500       20070815    839               54.16                    
302315500       20080316   6340               68.68                    
302315500       20090412   8160               76.422                   
302315500       20100214   5850               67.60                    
302315500       20110211    609               53.28                    
302315500       20120628  28800               85.46                    
302315500       20130710   6650               69.13                    
302315500       20140425  13800               81.642                   
302315500       20150210   5770               67.41                    
302315500       20160404   2780               60.02                    
302315500       20170912  10100               76.49                    
302315500       20180811   3690               62.45                    
302315500       20181221  14300               82.07                    
