Z02342933                       USGS 
H02342933       3201030851745000101005SW03130003112.00 112.00  200.00           
N02342933       SOUTH FORK COWIKEE CREEK NEAR BATESVILLE AL
Y02342933       
302342933       19640502   5640               14.86                    
302342933       19641005   7040               19.13                    
302342933       19660213   6040               15.85                    
302342933       19670101   5060               13.40                    
302342933       19680312   6810               18.37                    
302342933       19690418   4600               12.45                    
302342933       19700330   5220               13.79                    
302342933       19710303   6750               18.18                    
302342933       19720302   5270               13.92                    
302342933       19730331  12200               27.40                    
302342933       19740208   3370               10.12                    
302342933       19750217  18100               37.08        1929          
302342933       19751017   8650               24.58                    
302342933       19770322   3510               14.19                    
302342933       19780125  10900               28.03                    
302342933       19790404   4730               17.26                    
302342933       19800330   5270               18.34                    
302342933       19810210   5800               19.40                    
302342933       19820203   4530               16.82                    
302342933       19830306   4680               17.15                    
302342933       19840305   2000               10.01                    
302342933       19850618   1820                9.39                    
302342933       19860313   7550               22.79                    
302342933       19870228   2510               11.17                    
302342933       19880304   2340               10.68                    
302342933       19890501   3270               13.33                    
302342933       19900317  28200               43.40                    
302342933       19910302   3820               16.15                    
302342933       19920113   4080               16.61                    
302342933       19921217   5490               19.40                    
302342933       19940704  13100               31.17                    
302342933       19950228   5210               18.09                    
302342933       19960202   5820               19.32                    
302342933       19970215   4950               17.53                    
302342933       19980308   9190               25.48                    
302342933       19990314   6520               20.70                    
302342933       20000320   3210               13.66                    
302342933       20010304   9740               26.05                    
302342933       20011125   4880               17.37                    
302342933       20030701   5200               18.02                    
302342933       20040126   7240               21.85                    
302342933       20050327   9160               25.11                    
302342933       20060225   3760               14.93                    
302342933       20070415   5110               17.83                    
302342933       20080824   5460               18.54                    
302342933       20090328   8520               24.05                    
302342933       20091215  11900               29.43                    
302342933       20110309   4400               16.37                    
