Z02361000                       USGS 
H02361000       3120340853638000101045SW03140201686.00 686.00  138.56           
N02361000       CHOCTAWHATCHEE RIVER NEAR NEWTON, AL.
Y02361000       
302361000       19220602  11400               16.62                    
302361000       19230320  13200               18.53                    
302361000       19240125   7340               10.60                    
302361000       19250117  28000               28.00                    
302361000       19260922  14700               23.22                    
302361000       19270218   3760                6.40                    
302361000       19290315 1100007              42.00        1900          
302361000       19350714   5550               12.42                    
302361000       19360120  25800               29.50                    
302361000       19370902  16200               26.40                    
302361000       19371114   9650               20.10                    
302361000       19390301   9430               19.66                    
302361000       19400219   9600               20.03                    
302361000       19410716   2580                6.98                    
302361000       19411226   4700               10.76                    
302361000       19430120  19300               27.40                    
302361000       19440416  12500               23.40                    
302361000       19450425   3300                9.61                    
302361000       19460329  14600               25.00                    
302361000       19470309  12800               23.66                    
302361000       19480308  10700               21.80                    
302361000       19481129   8840               18.90                    
302361000       19500405   3900               10.70                    
302361000       19510329   5400               12.60                    
302361000       19520216   5740               12.60                    
302361000       19530504  23900               29.60                    
302361000       19531207  12000               23.00                    
302361000       19550415   6780               14.69                    
302361000       19560927  13000               24.54                    
302361000       19570406  16800               26.60                    
302361000       19580309   5000               11.20                    
302361000       19590205   6980               15.30                    
302361000       19600405  13700               24.70                    
302361000       19610416   7640               16.68                    
302361000       19620402   8330               17.84                    
302361000       19630212   8350               17.86                    
302361000       19640304  10600               21.43                    
302361000       19641226   8060               17.39                    
302361000       19660306   9600               20.44                    
302361000       19670103  11400               22.53                    
302361000       19680313   4600               11.56                    
302361000       19690516  10600               21.33                    
302361000       19700401  19600               27.90                    
302361000       19710327  11600               22.86                    
302361000       19711221   7310               16.14                    
302361000       19730313  12300               23.27                    
302361000       19740103  10200               20.80                    
302361000       19750411  16700               28.71                    
302361000       19760128   5490               14.26                    
302361000       19761130  13700               25.72                    
302361000       19780127  25300               31.26                    
302361000       19790225  11000               23.17                    
302361000       19800313   8940               20.74                    
302361000       19810211   9070               20.90                    
302361000       19820204   7940               19.41                    
302361000       19830327   5800               15.97                    
302361000       19840504   6490               17.23                    
302361000       19850207  12000               24.21                    
302361000       19860315   5730               15.46                    
302361000       19870330   3690               11.58                    
302361000       19880305   6620               17.03                    
302361000       19890616   3410               11.00                    
302361000       19900318  87500               40.30                    
302361000       19910201  10100               22.10                    
302361000       19920307   5790               15.58                    
302361000       19921127   9520               21.46                    
302361000       19940707  60800               37.78                    
302361000       19950212   9790               21.78                    
302361000       19960319   7110               17.86                    
302361000       19970109   7430               18.38                    
302361000       19980309  39200               34.58                    
302361000       19981001   9560               21.51                    
302361000       20000214   2350                8.70                    
302361000       20010305  11800               24.02                    
302361000       20020410   2330                8.67                    
302361000       20030409   6590               16.96                    
302361000       20040214   3710               11.58                    
302361000       20050329  18900               28.82                    
302361000       20060102   5110               13.80                    
302361000       20070415   5830               15.11                    
302361000       20080201   5020               13.64                    
302361000       20090329  11300               23.75                    
302361000       20091215  25100               31.92                    
302361000       20110310   2860                9.53                    
302361000       20120807   5570               14.64                    
302361000       20130706   8880               20.45                    
302361000       20140409  13900               26.04                    
302361000       20150419   9140               20.89                    
302361000       20151226  17000               28.51                    
302361000       20170123  11900               24.23                    
302361000       20180212   8690               19.80                    
302361000       20181202   8030               18.66                    
