Z02371500                       USGS 
H02371500       3134240861506000101041SW03140301500.00 500.00  226.20           
N02371500       CONECUH RIVER AT BRANTLEY AL
Y02371500       
302371500       1929      3200027Bm           26.005Bm       1865          
302371500       19380316  15400               22.75                    
302371500       19390819  15600               22.87                    
302371500       19400702   6500               17.49                    
302371500       19410313   1430                9.81                    
302371500       19411227   5700               17.00                    
302371500       19430323  15600               22.87                    
302371500       19440325  15000               22.57                    
302371500       19450430   1970               11.90                    
302371500       19460522   9920               19.87                    
302371500       19470404  10800               20.43                    
302371500       19480307   7850               18.60                    
302371500       19481129  15800               23.00                    
302371500       19500408   3330               14.50                    
302371500       19510420   1810               11.39                    
302371500       19520326  11300               20.70                    
302371500       19530507  15000               22.59                    
302371500       19531207   9250               19.52                    
302371500       19550418   4030               15.41                    
302371500       19560319   3940               15.29                    
302371500       19570408   8610               19.10                    
302371500       19580312   4600               16.00                    
302371500       19590330   6450               17.60                    
302371500       19600404  14400               22.30                    
302371500       19610902  14000               22.11                    
302371500       19620403   5460               16.80                    
302371500       19630124   4420               15.82                    
302371500       19640505   5280               16.64                    
302371500       19641229   6630               17.74                    
302371500       19660304   8280               18.89                    
302371500       19670106   2990               14.01                    
302371500       19671211   1560               10.22                    
302371500       19690329   2250               12.68                    
302371500       19700606   9010               19.35                    
302371500       19710107  11300               20.69                    
302371500       19720304  11200               20.65                    
302371500       19730402  15500               22.84                    
302371500       19740408   4380               15.78                    
302371500       19750219  21000               24.51                    
302371500       19760518   5880               17.15                    
302371500       19770325   3990               15.34                    
302371500       19780127  15200               22.72                    
302371500       19790406  10000               19.96                    
302371500       19800416   8270               18.87                    
302371500       19810211   5970               17.03                    
302371500       19820206   7550               18.35                    
302371500       19830330   6220               17.24                    
302371500       19840307   2820               13.25                    
302371500       19850302   2810               13.23                    
302371500       19860317   8250               18.86                    
302371500       19870305   2950               13.53                    
302371500       19880123   4760               15.76                    
302371500       19890619   7090               18.49                    
302371500       19900318  24000               24.44                    
302371500       19910306   4900               16.22                    
302371500       19920117   5150               16.55                    
302371500       19921128  11400               20.58                    
302371500       19940709  17000               22.37                    
302371500       19950311   4860               16.16                    
302371500       19951008   6630               18.11                    
302371500       19970501   4430               15.56                    
302371500       19980310  17000               22.62                    
302371500       19990701   6980               18.40                    
302371500       20000325   1660                9.41                    
302371500       20010306  16900               22.59                    
302371500       20020326   2100               10.49                    
302371500       20030622   4900               16.21                    
302371500       20040917   4920               16.25                    
302371500       20050404   6650               18.10                    
302371500       20060515   2880               12.94                    
302371500       20070420   2250               11.30                    
302371500       20080828   6460               17.96                    
302371500       20090331   8510               19.31                    
302371500       20091217  11900               20.53                    
302371500       20110313   3550               13.75                    
302371500       20120224   2100               10.02                    
302371500       20130215   7230               18.68                    
302371500       20140410   8580               19.24                    
302371500       20150422   2830               12.00                    
302371500       20151225  16600               22.43                    
302371500       20170105   9710               19.68                    
302371500       20171013   2630               11.49                    
