Z02415000                       USGS 
H02415000       3303550855241000101123SW03150109190.00 190.00  557.92           
N02415000       HILLABEE CREEK NEAR HACKNEYVILLE AL
Y02415000       
302415000       19530108   6800               16.90                    
302415000       19540429   4300               13.90                    
302415000       19550414   8600               19.10                    
302415000       19560316  14200               23.60                    
302415000       19570405  17800               25.70                    
302415000       19580206   7650               18.00                    
302415000       19590312   4500               14.10                    
302415000       19600330   5900               15.81                    
302415000       19610225  10500               20.97                    
302415000       19611218  10700               21.02                    
302415000       19630313   9200               19.82                    
302415000       19640406  14300               23.74                    
302415000       19650317   4900               14.41                    
302415000       19660513   6650               18.06                    
302415000       19661019   6000               15.97                    
302415000       19680405   9250               19.87                    
302415000       19690418   5600               15.52                    
302415000       19700320   9800               20.43                    
302415000       19710303  10000               20.60                    
302415000       19720111  14000               23.62                    
302415000       19730508  11500               21.82                    
302415000       19790413  230007              28.10        1951          
302415000       19851213   1890               10.65                    
302415000       19870119   4700               16.08                    
302415000       19880917  11000               22.43                    
302415000       19890619   6900               18.77                    
302415000       19900316  17700               25.59                    
302415000       19910329   3200               13.55                    
302415000       19920225   4600               15.73                    
302415000       19921217   8200               20.03                    
302415000       19940416   8250               20.14                    
302415000       19950308   6550               18.39                    
302415000       19951005  12200               23.02                    
302415000       19970301   8250               20.14                    
302415000       19980308  10000               21.54                    
302415000       19990131   2820               12.79                    
302415000       20000404   2010               11.04                    
302415000       20010404   8800               20.66                    
302415000       20020125   2250               11.55                    
302415000       20030508  17700               25.59                    
302415000       20040917   7900               18.23                    
302415000       20050707   8610               19.06                    
302415000       20060321   3000               11.86                    
302415000       20061115   7930               18.27                    
302415000       20071115   7930               18.27                    
302415000       20090919   7950               18.29                    
302415000       20100510  10600               20.96                    
302415000       20110309   5980               15.91                    
302415000       20120303   6740               16.81                    
302415000       20130707   5660               15.53                    
302415000       20140407  10900               21.24                    
302415000       20150104   6850               16.95                    
302415000       20151230   6790               16.87                    
302415000       20170630  16900               20.232                   
302415000       20180204   4310               14.21                    
