Z02427250                       USGS 
H02427250       3159460870406000101131SW03150203261.00 261     126.60           
N02427250       PINE BARREN CREEK NEAR SNOW HILL, AL.
Y02427250       
302427250       19900317  23900               24.30                    
302427250       19910511   5160               17.93                    
302427250       19920218   4870               17.44                    
302427250       19921218  10100               22.19                    
302427250       19931115   4210               16.26                    
302427250       19950308   4950               17.58                    
302427250       19960128   8570               21.48                    
302427250       19961202   5870               19.07                    
302427250       19980930  28600               24.73                    
302427250       19990315   7190               20.48                    
302427250       20000320   2740               13.65                    
302427250       20010304  30400               25.70                    
302427250       20020322   3610               16.07                    
302427250       20021225  10800               21.28                    
302427250       20040917  11000               21.37                    
302427250       20050402  10200               21.07                    
302427250       20060511   4650               18.00                    
302427250       20061117   6550               19.43                    
302427250       20080826   3460               15.68                    
302427250       20090329   9200               20.68                    
302427250       20091214   9590               20.84                    
302427250       20110311   4290               17.45                    
302427250       20120905   8300               21.68                    
302427250       20130211  10400               22.27                    
302427250       20140408  17900               24.10                    
302427250       20150417   3700               16.32                    
302427250       20151227   5280               19.83                    
302427250       20170623   8700               21.74                    
302427250       20180530   3030               14.98                    
302427250       20181229  10700               22.20                    
