Z02469800                       USGS 
H02469800       3144390880121000101025SW03160203164.00 164.00  39.80            
N02469800       SATILPA CREEK NEAR COFFEEVILLE AL
Y02469800       
302469800       19560708  38000               18.37        1902          
302469800       19570405   4100               13.93                    
302469800       19580308   4200               14.00                    
302469800       19590610   3310               13.52                    
302469800       19600330   4000               13.94                    
302469800       19610221  18000               16.85                    
302469800       19611210  14800               16.53                    
302469800       19630306   1500               12.12                    
302469800       19640315   3400               13.60                    
302469800       19650124   6000               14.71                    
302469800       19660217   4000               13.91                    
302469800       19670207   1800               12.62                    
302469800       19671101   3100               13.37                    
302469800       19690519   1780               12.56                    
302469800       19700305   4250               14.04                    
302469800       19710303   4200               14.00                    
302469800       19711207   5300               14.52                    
302469800       19730308   4500               14.13                    
302469800       19740413   3800               13.86                    
302469800       19750217   4800               14.33                    
302469800       19760331  13000               16.06                    
302469800       19770313   6200               14.80                    
302469800       19780609   3150               13.44                    
302469800       19790304  23400               17.33                    
302469800       19800517   8000               15.22                    
302469800       19810211   4520               14.14                    
302469800       19820426   3890               13.73                    
302469800       19830202  10500               15.77                    
302469800       19831229   3500               13.65                    
302469800       19850206   2000               12.77                    
302469800       19860206   1850               12.69                    
302469800       19870228   3340               13.53                    
302469800       19880120   2700               13.21                    
302469800       19890405   4500               14.13                    
302469800       19900316  15500               16.53                    
302469800       19910302   4200               14.01                    
302469800       19920218   3310               13.51                    
302469800       19921217   6880               15.02                    
302469800       19940715   2400               13.03                    
302469800       19950308   3430               13.59                    
302469800       19951219   6070               14.77                    
302469800       19970622   4300               14.09                    
302469800       19980108   6400               14.92                    
302469800       19990131  15500               16.54                    
302469800       20000320   1980               12.73                    
302469800       20010304   9990               15.67                    
302469800       20011215   1700               12.50                    
302469800       20030620   5660               14.63                    
302469800       20040917   3810               13.83                    
302469800       20050711   8190               15.32                    
302469800       20060226   2920               13.32                    
302469800       20070101   3030               13.36                    
302469800       20080826   2280               12.95                    
302469800       20090327   8050               15.29                    
302469800       20091219   5890               14.71                    
302469800       20110310   5580               14.60                    
302469800       20120323   3960               13.92                    
302469800       20130211  24500               17.45                    
302469800       20140221   3460               13.61                    
302469800       20150417   7470               15.16                    
302469800       20160224   7870               15.47                    
302469800       20170623   9220               15.96                    
302469800       20180415  12600               17.06                    
302469800       20181228  13000               17.17                    
