Z02464360                       USGS 
H02464360       3325290873833000101125SW0316011257.2   57.2                     
N02464360       BINION CREEK BELOW GIN CREEK NEAR SAMANTHA AL
Y02464360       
302464360       19870118   1510               11.25                    
302464360       19880120    703               10.14                    
302464360       19890702   2600               12.52                    
302464360       19900216  10500               15.19                    
302464360       19910220   2550               12.57                    
302464360       19920226    637                9.90                    
302464360       19930112   2000               12.05                    
302464360       19940128   2440               12.37                    
302464360       19950309   1020               10.85                    
302464360       19960126   5100               13.61                    
302464360       19970221   1960               11.87                    
302464360       19980107   4160               13.22                    
302464360       19990123   3030               12.63                    
302464360       20000403   4010               13.15                    
302464360       20010909   1760               11.69                    
302464360       20011014   4840               13.51                    
302464360       20030222   2040               11.94                    
302464360       20040206   5230               13.66                    
302464360       20050912   1890               11.81                    
302464360       20060206   2140               12.02                    
302464360       20061231   1730               11.66                    
302464360       20071231   1730               11.66                    
302464360       20090106   5610               13.96                    
302464360       20100503   1590               11.95                    
302464360       20110309   3210               13.03                    
302464360       20120323   1070               11.19                    
302464360       20130705   2540               12.62                    
302464360       20140407   5420               14.66                    
302464360       20150104   1980               12.05                    
302464360       20151228   1070               10.75                    
302464360       20170403   1380               11.26                    
