Z03015500                       USGS 
H03015500       4151090791903004242123SW05010001321            1186.92          
N03015500       Brokenstraw Creek at Youngsville, PA
Y03015500       
303015500       19100307   7420                8.10                    
303015500       19110128   7940                9.403                   
303015500       19120402   7440                9.203                   
303015500       19130325  23000               14.20                    
303015500       19140328   8500                9.803                   
303015500       19150201   4820                7.203                   
303015500       19160328   8500                9.803                   
303015500       19170627   6870                8.703                   
303015500       19180315   7300                9.003                   
303015500       19190511   7010                8.803                   
303015500       19200312  10000               10.813                   
303015500       19210307   4080                6.553                   
303015500       19211102   4080                6.603                   
303015500       19230304   6170                8.203                   
303015500       19240111   8200                9.603                   
303015500       19250209   7010                8.803                   
303015500       19260924   5340                7.553                   
303015500       19261026   7150                8.903                   
303015500       19280624  13800               11.753                   
303015500       19290119   9300                9.953                   
303015500       19300109   4580                7.403                   
303015500       19310328   3120                5.303                   
303015500       19320508   6280                8.603                   
303015500       19330315   3840                6.103                   
303015500       19340101   4730                8.403                   
303015500       19350109   4530                7.703                   
303015500       19360327  13000               10.803                   
303015500       19370427   7580                8.803                   
303015500       19380214   6740                8.203                   
303015500       19390220   6890                8.303                   
303015500       19400401   8390                8.55                    
303015500       19401213   6710                7.55                    
303015500       19420309   7350                8.03                    
303015500       19421230  10200                9.65                    
303015500       19440412   5990                7.18                    
303015500       19450321   6980                7.79                    
303015500       19460527   7150                7.89                    
303015500       19470405  15300               11.85                    
303015500       19480322  15000               11.66                    
303015500       19490324   3650                5.50                    
303015500       19500328   8700                9.00                    
303015500       19510104   9140                9.19                    
303015500       19520118   8100                8.69                    
303015500       19530523   7700                8.50                    
303015500       19540217   5380                7.10                    
303015500       19541015   9140                9.24                    
303015500       19560308  11700               10.30                    
303015500       19570123   9140                9.23                    
303015500       19571221   3740                5.73                    
303015500       19590122  14600               11.51                    
303015500       19600331  10500                9.77                    
303015500       19610426   7140                8.24                    
303015500       19620613   3010                5.18                    
303015500       19630326   7690                8.55                    
303015500       19640305  11700               10.74                    
303015500       19650305   4830                7.11                    
303015500       19660213   6430                8.26                    
303015500       19661207   6460                8.28                    
303015500       19680202   4980                7.23                    
303015500       19681228   8790                9.52                    
303015500       19700402   6920                8.54                    
303015500       19701103   5270                7.46                    
303015500       19720623  11800               10.78                    
303015500       19721206   5330                7.51                    
303015500       19740512   6820                8.51                    
303015500       19750224   8830                9.72                    
303015500       19760219   9550               10.14                    
303015500       19770919   7610                9.00                    
303015500       19771214   7750                9.08                    
303015500       19790914   9740               10.25                    
303015500       19800608   6280                8.13                    
303015500       19810220  10300               10.60                    
303015500       19820313   6130                8.06                    
303015500       19830805  13200               11.95                    
303015500       19840214   8950                9.87                    
303015500       19850225  10500               10.71                    
303015500       19860720   8610                9.59                    
303015500       19870702   7900                9.17                    
303015500       19880404   4540                7.01                    
303015500       19890620   7240                8.98                    
303015500       19900216   7470                9.11                    
303015500       19901231  10000               10.432                   
303015500       19920720  12100               11.48                    
303015500       19921231   9100                9.97                    
303015500       19940325   8900                9.87                    
303015500       19950116   5300                7.76                    
303015500       19960119  13900               12.24                    
303015500       19970227   7080                8.89                    
303015500       19980109   9780               10.66                    
303015500       19990124   6280                8.62                    
303015500       20000408   4550                7.35                    
303015500       20010210   4770                7.52                    
303015500       20020514   6670                8.88                    
303015500       20030722   8920               10.24                    
303015500       20040909  10800               11.12                    
303015500       20050114   8190                9.85                    
303015500       20051129   5830                8.31                    
303015500       20070315  16100               12.26                    
303015500       20080206  13500               11.39                    
303015500       20090212   8480                9.37                    
303015500       20100125   8370                9.32                    
303015500       20110306   9850               10.17                    
303015500       20120127   7060                8.23                    
303015500       20130529   8370                9.51                    
303015500       20131222   9940               10.21                    
303015500       20150404   5280                7.81                    
303015500       20151227   6370                8.49                    
303015500       20170112  17000               12.68                    
303015500       20180112   92002                                       
303015500       20190620   9250                                        
