Z03021350                       USGS 
H03021350       4200550794658004242049SW0501000492.0           1304.84          
N03021350       French Creek near Wattsburg, PA
Y03021350       
303021350       19750224   5700               10.29                    
303021350       19760303   4510               10.11                    
303021350       19770919   3780                9.35                    
303021350       19771215   3730                9.30                    
303021350       19790914   6350               11.95                    
303021350       19800318   1860                7.172                   
303021350       19810220   5610               11.222                   
303021350       19820331   3760                9.17                    
303021350       19821226   3520                8.90                    
303021350       19840214   4470                9.96                    
303021350       19850224   4850               10.452                   
303021350       19860719   5760               11.36                    
303021350       19861004   2360                7.722                   
303021350       19880404   2240                7.59                    
303021350       19881018   3060                8.50                    
303021350       19900216   3910                9.45                    
303021350       19901230   4890               10.50                    
303021350       19920922   2410                7.78                    
303021350       19921231   4870               10.48                    
303021350       19940814   3840                9.37                    
303021350       19950308   2730                8.14                    
303021350       19960119   6190               11.79                    
303021350       19970227   3500                9.00                    
303021350       19980108   4210                9.70                    
303021350       19990124   3760                9.22                    
303021350       19991103   3370                8.82                    
303021350       20010210   3160                8.59                    
303021350       20020201   3320                8.76                    
303021350       20030514   2670                8.08                    
303021350       20040909   4790               10.31                    
303021350       20050101   3080                8.51                    
303021350       20051129   3770                9.23                    
303021350       20070315   5260               10.80                    
303021350       20080206   4680               10.19                    
303021350       20081228   4580               10.09                    
303021350       20100313   4220                9.79                    
303021350       20110306   4400                9.89                    
303021350       20111115   2900                8.32                    
303021350       20130130   4330                9.88                    
303021350       20131221   5370               10.92                    
303021350       20150403   2420                8.29                    
303021350       20160203   3060                8.89                    
303021350       20170112   5860               11.43                    
303021350       20180112   5590               11.15                    
303021350       20190124   2630                8.49                    
