Z03026500                       USGS 
H03026500       4137520783437004242083SW050100057.84           1690.73          
N03026500       Sevenmile Run near Rasselas, PA
Y03026500       
303026500       19520118    290                3.96                    
303026500       19530809   1590                4.78                    
303026500       19540301    263                3.82                    
303026500       19541015    279                3.86                    
303026500       19560308    624                4.32                    
303026500       19570123    222                3.702                   
303026500       19580406    271                3.84                    
303026500       19590121   1280                4.67                    
303026500       19600615    548                4.25                    
303026500       19610225    808                4.46                    
303026500       19620331    230                3.73                    
303026500       19630326    461                4.19                    
303026500       19640305    568                4.27                    
303026500       19650212    148                3.45                    
303026500       19660213    3782               4.05                    
303026500       19670928   1620                4.79                    
303026500       19680202    208                3.66                    
303026500       19690131    304                3.91                    
303026500       19700402    636                4.33                    
303026500       19701103    248                3.77                    
303026500       19720621    976                4.84                    
303026500       19730317    432                4.42                    
303026500       19740630    415                4.40                    
303026500       19750605    334                4.26                    
303026500       19760217    353                4.30                    
303026500       19770313    659                4.64                    
303026500       19780401    259                4.07                    
303026500       19790808   1270                4.98                    
303026500       19800321    242                3.91                    
303026500       19810429    280                4.08                    
303026500       19811028    240                3.902                   
303026500       19830321    126                3.31                    
303026500       19840624    351                4.29                    
303026500       19850312    584                4.58                    
303026500       19860720    788                4.73                    
303026500       19870913   2300                5.30                    
303026500       19871129    258                3.99                    
303026500       19890620   1750                5.15                    
303026500       19900411    255                3.98                    
303026500       19910429   1200                4.95                    
303026500       19920922    594                4.59                    
303026500       19930401    258                4.032                   
303026500       19931128    355                4.30                    
303026500       19941101    166                3.63                    
303026500       19960119    859                5.022                   
303026500       19961019    259                4.03                    
303026500       19980815    592                4.69                    
303026500       19990124    283                4.11                    
303026500       20000816    294                4.14                    
303026500       20001217    111                3.28                    
303026500       20020614    559                4.65                    
303026500       20030321    323                4.22                    
303026500       20040909    360                4.31                    
303026500       20050114    304                4.17                    
303026500       20051129    265                4.05                    
303026500       20070315    466                4.51                    
303026500       20080206    332                4.21                    
303026500       20090309    489                4.55                    
303026500       20100125    623                4.73                    
303026500       20101201    752                4.89                    
303026500       20120918    182                3.53                    
303026500       20130529    421                4.43                    
303026500       20140625    326                4.19                    
303026500       20150410    189                3.57                    
303026500       20160821    180                3.52                    
303026500       20170112    716                4.85                    
303026500       20180112    5732               5.3512                   
303026500       20190208    344                4.262                   
