Z03049000                       USGS 
H03049000       4042590794159004242019SW05010009137            792.00           
N03049000       Buffalo Creek near Freeport, PA
Y03049000       
303049000       19410815   1880                4.70                    
303049000       19420309   3390                6.20                    
303049000       19421230   5610                7.90                    
303049000       19440317   2060                4.90                    
303049000       19450321   6210                8.30                    
303049000       19460227   3630                6.40                    
303049000       19470607   2180                5.00                    
303049000       19480214   4110                6.83                    
303049000       19481216   2960                5.78                    
303049000       19500110   3750                6.48                    
303049000       19501204   4760                7.30                    
303049000       19520127   7170                9.30                    
303049000       19530531   3920                6.67                    
303049000       19540417   3810                6.58                    
303049000       19541015  14000               13.60                    
303049000       19560624   7020                9.20                    
303049000       19570404   7020                9.15                    
303049000       19571221   3190                6.00                    
303049000       19590122   4590                7.30                    
303049000       19600330   4830                7.47                    
303049000       19610724   3290                6.10                    
303049000       19620224   4830                7.49                    
303049000       19630306   5230                7.83                    
303049000       19640310   7440                9.50                    
303049000       19650305   3130                5.94                    
303049000       19660213   5670                8.18                    
303049000       19670306   2320                5.08                    
303049000       19680130   3470                6.28                    
303049000       19681228   2930                5.78                    
303049000       19700402   3990                6.76                    
303049000       19710222   2150                5.00                    
303049000       19720623   9980               11.21                    
303049000       19730315   2800                5.65                    
303049000       19740701   3850                6.64                    
303049000       19750224   5660                8.17                    
303049000       19760217   2620                5.472                   
303049000       19770403   3170                6.02                    
303049000       19780314   3980                6.75                    
303049000       19790225   3720                6.52                    
303049000       19800821   2540                5.38                    
303049000       19810220   2240                5.052                   
303049000       19820524   2290                5.112                   
303049000       19830522   4750                7.43                    
303049000       19840812   6060                8.48                    
303049000       19850329   5540                8.08                    
303049000       19851116   5100                7.70                    
303049000       19861126   4000                6.60                    
303049000       19880202   2800                5.68                    
303049000       19890615   3370                6.31                    
303049000       19900712   8540               10.46                    
303049000       19901230   8170               10.20                    
303049000       19920922   2110                4.88                    
303049000       19930304   2320                5.13                    
303049000       19940321   5210                8.02                    
303049000       19941128   2480                5.31                    
303049000       19960119   7800                9.94                    
303049000       19970525   3990                6.93                    
303049000       19980108   2970                5.87                    
303049000       19990124   2710                5.572                   
303049000       20000404   2500                5.34                    
303049000       20010701   2320                5.14                    
303049000       20020326   3020                5.91                    
303049000       20030101   2920                5.802                   
303049000       20040917  16700               15.28                    
303049000       20050106   7110                9.47                    
303049000       20060625   5520                8.19                    
303049000       20061017   2790                5.662                   
303049000       20080305   2930                5.822                   
303049000       20090212   1720                4.5112                   
303049000       20100609   3480                6.35                    
303049000       20101201   5550                8.21                    
303049000       20120508   3530                6.39                    
303049000       20130828  11600               12.76                    
303049000       20131221   3880                6.712                   
303049000       20150628   4310                7.19                    
303049000       20160225   1800                4.74                    
