Z03049800                       USGS 
H03049800       4031130795618004242003SW050100095.78           774.26           
N03049800       Little Pine Creek near Etna, PA
Y03049800       
303049800       19630304    360                3.85                    
303049800       19640803    284                3.45                    
303049800       19650123    185                2.902                   
303049800       19660213    3202                                       
303049800       19670306    160                2.75                    
303049800       19680527    160                2.75                    
303049800       19690405   62.0                2.01                    
303049800       19700402    187                2.78                    
303049800       19710313    248                3.05                    
303049800       19720623    357                3.82                    
303049800       19730524    314                3.52                    
303049800       19740630   2040                6.06                    
303049800       19750223    960                5.00                    
303049800       19760218   89.0                1.9612                   
303049800       19770707    315                3.90                    
303049800       19780518    233                2.06                    
303049800       19790225    426                2.942                   
303049800       19800804   84.0                1.63                    
303049800       19810412   74.01                                       
303049800       19820717    305                2.302                   
303049800       19830522    361                2.44                    
303049800       19831228    135                1.70                    
303049800       19850329    240                2.10                    
303049800       19860530   7190               10.28                    
303049800       19870526   1380                6.06                    
303049800       19880202   78.0                4.05                    
303049800       19890510    193                3.71                    
303049800       19900712    24028                                      
303049800       19901230    149                5.53                    
303049800       19920828   1430                3.48                    
303049800       19930608    257                3.85                    
303049800       19940128    228                3.882                   
303049800       19950603    477                4.43                    
303049800       19960619    519                4.24                    
303049800       19970520    222                3.59                    
303049800       19980426    408                4.22                    
303049800       19990728    174                3.582                   
303049800       20000214    169                3.65                    
303049800       20010701    230                3.83                    
303049800       20020326    164                3.63                    
303049800       20030723    216                3.79                    
303049800       20040917   3700                8.26                    
303049800       20050106    580                4.62                    
303049800       20060422    206                5.80                    
303049800       20070809   1020                5.32                    
303049800       20080304    360                4.23                    
303049800       20081219    238                3.972                   
303049800       20100522    531                4.58                    
303049800       20110228   1070                5.53                    
303049800       20120508    261                3.83                    
303049800       20130716    329                4.04                    
303049800       20140812    372                4.16                    
303049800       20150929    541                4.572                   
303049800       20160826    191                3.62                    
303049800       20161218    256                3.84                    
303049800       20180813   1160                5.69                    
303049800       20190711   1580                6.57                    
