Z03070500                       USGS 
H03070500       3937180794216005454077SW05020004200            1323             
N03070500       BIG SANDY CREEK AT ROCKVILLE, WV
Y03070500       
303070500       18880710  300007              20.00                    
303070500       19100619   65501                                       
303070500       19110113  157001                                       
303070500       19120724  26400               18.00                    
303070500       19130112   60401                                       
303070500       19131116   72701                                       
303070500       19150201   6040               11.20                    
303070500       19160322  15000               14.85                    
303070500       19170122  15400               14.98                    
303070500       19211224   8250               12.41                    
303070500       19230414   4770               10.20                    
303070500       19240329   9250               12.90                    
303070500       19250722   4570               10.26                    
303070500       19251025   7090               11.95                    
303070500       19270604   5440               10.93                    
303070500       19271020   6380               11.39                    
303070500       19290226   4590                9.93                    
303070500       19291003   7650               12.10                    
303070500       19310404   6380               11.39                    
303070500       19311212   5570               10.86                    
303070500       19330314  13000               14.20                    
303070500       19340107   5310               10.72                    
303070500       19350502   6040               11.23                    
303070500       19360317   9900               13.17                    
303070500       19370426   5570               10.87                    
303070500       19371028   6910               11.74                    
303070500       19390203   9050               12.85                    
303070500       19400701   7650               12.11                    
303070500       19410604  14700               14.77                    
303070500       19420409   6910               11.66                    
303070500       19421230   5700               11.05                    
303070500       19440324   5520               10.92                    
303070500       19450227   7480               12.26                    
303070500       19460602   7340               12.22                    
303070500       19470719   4680               10.28                    
303070500       19480413  10100               13.32                    
303070500       19481215  12000               13.83                    
303070500       19500131   8250               12.39                    
303070500       19510613   6730               11.60                    
303070500       19520127   5550               10.94                    
303070500       19530324   4260                9.98                    
303070500       19540821   6210               11.34                    
303070500       19541015  17600               15.68                    
303070500       19560806  22300               16.97                    
303070500       19561214   9900               13.20                    
303070500       19580505   6210               11.30                    
303070500       19590210   7270               11.87                    
303070500       19600331   6910               11.71                    
303070500       19610304   6380               11.45                    
303070500       19620224   4450               10.42                    
303070500       19630305  13500               14.3512                   
303070500       19640305   6600               11.47                    
303070500       19650124   4580               10.27                    
303070500       19660213  11600               13.68                    
303070500       19670307  13100               14.21                    
303070500       19680524   8740               12.57                    
303070500       19690728   4850               10.42                    
303070500       19700402   6430               11.38                    
303070500       19710914  10200               13.30                    
303070500       19720623  18200               15.86                    
303070500       19721209   6730               11.54                    
303070500       19740111  10300               13.31                    
303070500       19750425   7370               11.88                    
303070500       19760101   4400               10.11                    
303070500       19770224   6420               11.37                    
303070500       19780126   6730               11.54                    
303070500       19790305   7220               11.80                    
303070500       19800331   5340               10.74                    
303070500       19810413   7680               12.04                    
303070500       19811223   4850               10.42                    
303070500       19830415   3870                9.71                    
303070500       19840405   9580               12.99                    
303070500       19850531   6730               11.54                    
303070500       19860205  11300               13.58                    
303070500       19861004   5520               10.85                    
303070500       19880304   6430               11.38                    
303070500       19890306   8120               12.26                    
303070500       19900210   5650               10.93                    
303070500       19901218   8340               12.37                    
303070500       19920727   4970               10.50                    
303070500       19930323   6780               11.52                    
303070500       19940410   6440               11.32                    
303070500       19941211   3500                9.28                    
303070500       19960119  17400               15.61                    
303070500       19970302   5390               10.59                    
303070500       19971107   5640               10.76                    
303070500       19990409   6190               11.11                    
303070500       20000219  13400               14.32                    
303070500       20010607   5510               10.69                    
303070500       20020320   6470               11.29                    
303070500       20030709   9480               12.94                    
303070500       20031119   8930               12.66                    
303070500       20050112   8470               12.42                    
303070500       20051129   7590               11.94                    
303070500       20070821   6370               11.23                    
303070500       20071213   9760               12.98                    
303070500       20090504   7960               12.13                    
303070500       20100125   8020               12.16                    
303070500       20110906   4650               10.11                    
303070500       20111123   5780               10.86                    
303070500       20130131   4780               10.20                    
303070500       20140516   5130               10.44                    
303070500       20150304  14800               14.80                    
303070500       20160617   4320                9.81                    
303070500       20170729   7760               11.99                    
303070500       20180216   6770               11.48                    
303070500       20190711   5300               10.63                    
