Z03078000                       USGS 
H03078000       3942070790811002424023SW0502000662.5           2088.56          
N03078000       CASSELMAN RIVER AT GRANTSVILLE, MD
Y03078000       
303078000       19480704   5110                8.13                    
303078000       19481215   1690                4.60                    
303078000       19500921   3620                6.68                    
303078000       19510613   1870                4.80                    
303078000       19520311   2180                5.14                    
303078000       19530324   1110                3.82                    
303078000       19540301   1610                4.50                    
303078000       19541015   8400               10.70                    
303078000       19560806   3180                6.25                    
303078000       19570210   1870                4.80                    
303078000       19580406   1810                4.73                    
303078000       19590210   1720                4.62                    
303078000       19600330   2620                5.63                    
303078000       19610225   3130                6.20                    
303078000       19620321   1760                4.67                    
303078000       19630320   2370                5.362                   
303078000       19640305   2840                5.88                    
303078000       19650329   1160                3.972                   
303078000       19660213   2030                5.03                    
303078000       19670306   2520                5.58                    
303078000       19680524   1960                4.96                    
303078000       19690722   1630                4.40                    
303078000       19700402   2910                5.772                   
303078000       19710914   3010                5.87                    
303078000       19720313   2810                5.67                    
303078000       19721209   1690                4.64                    
303078000       19740111   2160                5.18                    
303078000       19750101   2660                5.62                    
303078000       19760101   1230                3.98                    
303078000       19761009   1610                4.452                   
303078000       19780321   1690                4.562                   
303078000       19790305   2160                5.09                    
303078000       19800409   2470                5.43                    
303078000       19810413   2200                5.172                   
303078000       19820317   1310                4.09                    
303078000       19830424   1210                3.97                    
303078000       19840405   2690                5.682                   
303078000       19850224   1900                4.82                    
303078000       19851105   4030                7.04                    
303078000       19861004   1460                4.26                    
303078000       19880505   1310                4.102                   
303078000       19890510   1340                4.13                    
303078000       19900713   1660                4.47                    
303078000       19901231   1750                4.55                    
303078000       19920226   1130                3.90                    
303078000       19930401   2840                5.81                    
303078000       19940324   1750                4.552                   
303078000       19950627    709                3.20                    
303078000       19960119   6410                9.15                    
303078000       19961202   1490                4.222                   
303078000       19980218   1270                3.82                    
303078000       19990409   1630                4.322                   
303078000       20000219   3740                6.75                    
303078000       20010607   2030                4.76                    
303078000       20020320   1400                3.89                    
303078000       20030919   3670                6.64                    
303078000       20040909   2530                5.40                    
303078000       20050329   2840                5.79                    
303078000       20060515   1970                4.64                    
303078000       20070415   2090                4.912                   
303078000       20080531   2220                5.07                    
303078000       20090504   2810                5.28                    
303078000       20100313   3220                5.81                    
303078000       20110310   2630                5.05                    
303078000       20120229   1760                4.16                    
303078000       20130131   1390                3.71                    
303078000       20150304   31002               6.3512                   
303078000       20160203   1290                3.59                    
303078000       20170729   2890                5.39                    
303078000       20180909   4530                7.10                    
303078000       20190512   1730                4.29                    
