Z03281500                       USGS 
H03281500       3728470834031002121189SW05100203722.0          642.49           
N03281500       SOUTH FORK KENTUCKY RIVER AT BOONEVILLE, KY
Y03281500       
303281500       19260122  22600               29.50                    
303281500       19261222  44100               34.50                    
303281500       19271117  15800               20.20                    
303281500       19290323  37900               39.30                    
303281500       19291118   7190               16.42                    
303281500       19310423   9540               22.28                    
303281500       193701    161007Bd            26.20Bd                   
303281500       193902    481007Bd            40.50Bd                   
303281500       19400420  13800               22.80                    
303281500       19410706  16600               25.43                    
303281500       19420809  12400               21.40                    
303281500       19430320  23900               29.74                    
303281500       19440412  22300               28.77                    
303281500       19450306  19300               27.63                    
303281500       19460108  42100               38.83                    
303281500       19470629  50700               41.70                    
303281500       19480214  40500               38.26                    
303281500       19490319  16800               25.91                    
303281500       19500202  21300               28.86                    
303281500       19510202  41000               38.48                    
303281500       19520323  31900               34.14                    
303281500       19530507  12600               21.95                    
303281500       19540116   8230               16.23                    
303281500       19550222  26700               31.53                    
303281500       19560218  39600               36.85                    
303281500       19570130  66100               43.40                    
303281500       19580508  23800               30.65                    
303281500       19590122  18900               27.78                    
303281500       19600624  24600               30.75                    
303281500       19610309  13000               22.74                    
303281500       19620228  54700               40.74                    
303281500       19630312  48800                                        
303281500       19640309  13800               23.35                    
303281500       19650327  21900               29.58                    
303281500       19660214  13200               22.97                    
303281500       19670307  35400               36.10                    
303281500       19680313  23300               30.40                    
303281500       19690120   8950               17.33                    
303281500       19700429  37400               36.93                    
303281500       19710508  24200               30.83                    
303281500       19720413  31200               34.28                    
303281500       19721211  25400               31.47                    
303281500       19740111  37200               36.84                    
303281500       19750314  47600               40.36                    
303281500       19760330  17200               27.10                    
303281500       19770405  39400               37.75                    
303281500       19780126  29100               33.28                    
303281500       19781209  37400               36.91                    
303281500       19800322  11900               21.25                    
303281500       19810607  27200               32.51                    
303281500       19820104  17100               26.60                    
303281500       19830516  24900               31.41                    
303281500       19840508  51600               41.12                    
303281500       19841119  12300               21.78                    
303281500       19860218  15500               25.15                    
303281500       19861109  15900               25.48                    
303281500       19880120  11000               20.10                    
303281500       19890307  26200               32.54                    
303281500       19891018  30200               34.28                    
303281500       19901224  22600               30.73                    
303281500       19911203  25900               32.38                    
303281500       19930305  14300               23.91                    
303281500       19940328  27200               32.99                    
303281500       19950519  17500               27.07                    
303281500       19960529  17100               26.61                    
303281500       19970304  22400               30.59                    
303281500       19980418  25000               31.92                    
303281500       19990110  18800               27.73                    
303281500       20000404  11800               20.65                    
303281500       20010217  17300               26.48                    
303281500       20020319  21800               29.98                    
303281500       20030217  34500               38.63                    
303281500       20040207  29500               35.66                    
303281500       20050501  20600               29.52                    
303281500       20060124  14300               23.92                    
303281500       20070416  15700               25.32                    
303281500       20080405  11300               20.63                    
303281500       20090504  24700               32.47                    
303281500       20100125  23200               31.40                    
303281500       20110428  18600               26.40                    
303281500       20111129  13700               21.68                    
303281500       20130418  18800               29.27                    
303281500       20131207  15000               26.21                    
303281500       20150305  24600               33.16                    
303281500       20160207  19500               29.74                    
303281500       20170424  14900               26.09                    
303281500       20180212  23400               32.40                    
