Z03285000                       USGS 
H03285000       3738310843939002121079SW05100205318.0          749.65           
N03285000       DIX RIVER NEAR DANVILLE, KY
Y03285000       
303285000       19421230  17400               14.35                    
303285000       19440411  10400                9.77                    
303285000       19450305  20900               16.28                    
303285000       19460107   7890                8.80                    
303285000       19470628   9910                9.80                    
303285000       19480413  14600               12.91                    
303285000       19490214  14200               11.62                    
303285000       19500131  15900               12.29                    
303285000       19510104   9220                9.40                    
303285000       19520323  16900               12.62                    
303285000       19530519   7420                8.40                    
303285000       19540416   5610                7.37                    
303285000       19550322  14600               14.24                    
303285000       19560217  15500               14.30                    
303285000       19570404  15900               12.862                   
303285000       19571119  14700               11.89                    
303285000       19590122   7240                8.30                    
303285000       19600623   9580                9.59                    
303285000       19610507  11700               10.66                    
303285000       19620227  19200                                        
303285000       19630305  10100                9.86                    
303285000       19640310  15400               12.87                    
303285000       19650326  11800               10.70                    
303285000       19660213   8000                8.72                    
303285000       19670306  16100               12.36                    
303285000       19680404  19700               13.57                    
303285000       19690419   3720                6.14                    
303285000       19700428  33400               17.16                    
303285000       19701222  10400               10.02                    
303285000       19720412  19900               13.632                   
303285000       19721208  13700               11.47                    
303285000       19740110  22500               14.28                    
303285000       19750312  19000               14.87                    
303285000       19751017  15000               11.84                    
303285000       19770313   8960                9.45                    
303285000       19780126  13100               11.15                    
303285000       19781209  44400               21.81                    
303285000       19791213  13300               11.24                    
303285000       19810607  13000               11.14                    
303285000       19820914  11900               10.66                    
303285000       19830516  12600               13.48                    
303285000       19840507  29500               15.77                    
303285000       19841221   8740                9.66                    
303285000       19860313   7950                9.29                    
303285000       19861126  14200               11.81                    
303285000       19880120  11400               10.77                    
303285000       19890215  18400               13.18                    
303285000       19900210  13300               11.01                    
303285000       19901231  21000               13.26                    
303285000       19911203  19900               12.97                    
303285000       19930221   7800                8.91                    
303285000       19940309  28100               14.95                    
303285000       19950519  25400               14.34                    
303285000       19960720  52400               18.93                    
303285000       19970303  19100               12.69                    
303285000       19980108  15300               11.35                    
303285000       19990109  18800               12.57                    
303285000       20000219  11000                9.67                    
303285000       20010217   7250                8.49                    
303285000       20020320  17700               12.61                    
303285000       20030216  18200               13.12                    
303285000       20040917  13900               11.74                    
303285000       20041104  10200               10.34                    
303285000       20060123  12200               11.15                    
303285000       20080206  13700               11.67                    
303285000       20090128  15900               12.66                    
303285000       20100503  3520012             21.735                   
303285000       20110428   9600               11.31                    
303285000       20111128   9090               11.03                    
303285000       20130318   9270               11.13                    
303285000       20140205  11800               12.35                    
303285000       20150414  27700               17.32                    
303285000       20151225   8000               10.40                    
303285000       20170818   7700               10.22                    
303285000       20180626  15600               13.81                    
303285000       20190224  14700               13.48                    
