Z03281100                       USGS 
H03281100       3709070834537002121051SW05100203163.0          819.37           
N03281100       GOOSE CREEK AT MANCHESTER, KY
Y03281100       
303281100       19470628  383007              40.60                    
303281100       19570129  298007              37.30                    
303281100       19630312  215007              33.50                    
303281100       19650326   7780               22.25                    
303281100       19660413   5260               17.95                    
303281100       19670307  11400               27.49                    
303281100       19680312   7180               20.80                    
303281100       19690120   2640               12.75                    
303281100       19700428  14400               29.03                    
303281100       19710507   9960               24.85                    
303281100       19720412  12000               27.02                    
303281100       19730528  10800               25.82                    
303281100       19740111   9330               24.10                    
303281100       19750313  14800               29.31                    
303281100       19751113   5170               17.47                    
303281100       19770405  15000               29.44                    
303281100       19780126   8300               22.68                    
303281100       19781209   9950               24.75                    
303281100       19800321   5110               17.80                    
303281100       19810606   8340               22.74                    
303281100       19820104   6730               20.05                    
303281100       19830504   7200               20.87                    
303281100       19840507  19200               32.85                    
303281100       19841119   6060               18.96                    
303281100       19860218   5670               18.32                    
303281100       19861109   6050               18.94                    
303281100       19880120   4490               17.09                    
303281100       19890306  176002                                       
303281100       19891017  12200               27.10                    
303281100       19910520  10000               24.80                    
303281100       19911203   8980               23.51                    
303281100       19930324   5850               19.35                    
303281100       19940328   8690               23.15                    
303281100       19950514   6930               20.73                    
303281100       19960609   5670               19.07                    
303281100       19970303   8340               22.70                    
303281100       19980417  17300               30.89                    
303281100       19990109   7280               21.60                    
303281100       20000404   3870               16.20                    
303281100       20010217   5830               18.70                    
303281100       20020318   9430               23.95                    
303281100       20030216  12300               27.11                    
303281100       20040206   9380               25.84                    
303281100       20041201   5660               20.10                    
303281100       20060123   4550               17.79                    
303281100       20070415   5250               19.22                    
303281100       20080404   4170               16.67                    
303281100       20090504   6910               22.18                    
303281100       20100125   8250               24.35                    
303281100       20110306   5350               19.44                    
303281100       20111129   4040               16.34                    
303281100       20130417   8990               25.33                    
303281100       20131207   5110               18.93                    
303281100       20150715   7460               23.12                    
303281100       20160216  10000               23.21                    
303281100       20170424   6040               18.94                    
303281100       20180211   9990               23.18                    
