Z03300400                       USGS 
H03300400       3749580851746002121179SW05140103436.0          530.00           
N03300400       BEECH FORK AT MAUD, KY
Y03300400       
303300400       19640305  283007              25.64                    
303300400       19721209  17000               21.33                    
303300400       19740111  24400               23.41                    
303300400       19750224  24100               22.59                    
303300400       19760218  25200               22.89                    
303300400       19770313  11300               18.03                    
303300400       19780108  124002                                       
303300400       19781209  33300               26.16                    
303300400       19791213  11500               18.67                    
303300400       19810519  12500               19.13                    
303300400       19820123   9040               17.45                    
303300400       19830501  13900               19.46                    
303300400       19840508  22300               22.57                    
303300400       19841222  18900               21.34                    
303300400       19860313  14000               19.37                    
303300400       19870301  14100               19.41                    
303300400       19871226  17000               20.60                    
303300400       19890216  30600               25.33                    
303300400       19900120  11800               18.38                    
303300400       19901218  19300               21.59                    
303300400       19920619  22200               23.64                    
303300400       19930222  17600               21.46                    
303300400       19940310  16200               20.90                    
303300400       19950518  17000               20.93                    
303300400       19960124  11500               18.49                    
303300400       19970302  41500               27.60                    
303300400       19980212  12300               18.49                    
303300400       19990109  14400               19.41                    
303300400       20000219  14000               19.23                    
303300400       20001217  15300               19.75                    
303300400       20020321  22200               22.52                    
303300400       20030216  21400               22.20                    
303300400       20040531  14500               19.40                    
303300400       20050328  12000               18.20                    
303300400       20060923  18800               21.21                    
303300400       20061028  10100               17.26                    
303300400       20080404  25600               23.37                    
303300400       20090129  11900               18.18                    
303300400       20100503  34300               26.37                    
303300400       20110412  23100               23.00                    
303300400       20111129  17600               20.99                    
303300400       20130706  22200               22.67                    
303300400       20140205  13700               19.36                    
303300400       20150404  21800               22.52                    
303300400       20151224  14500               19.71                    
303300400       20170902   9640               17.41                    
303300400       20180223  20200               21.96                    
303300400       20190224  16300               20.48                    
