Z03340800                       USGS 
H03340800       3948450865714001818133SW05120108139            686.03           
N03340800       BIG RACCOON CREEK NEAR FINCASTLE, IN
Y03340800       
303340800       19570628  39900               19.10        1875          
303340800       19571220   5320               12.17                    
303340800       19590121   7780               13.30                    
303340800       19600623   3780               11.46                    
303340800       19610508   4680               11.96                    
303340800       19620126  15100               15.422                   
303340800       19630305   9820               14.03                    
303340800       19640421  11600               15.15                    
303340800       19650406   2990               10.63                    
303340800       19660211    756                5.64                    
303340800       19661209   2840               10.32                    
303340800       19671222   9880               14.75                    
303340800       19690130   3670               11.47                    
303340800       19691013   3930               11.73                    
303340800       19710612   3840               11.66                    
303340800       19720407   3370               11.16                    
303340800       19721102   4550               12.29                    
303340800       19740623   7760               14.13                    
303340800       19750223   4210               11.91                    
303340800       19760217   4520               12.18                    
303340800       19770807   1830                8.37                    
303340800       19771002   5310               12.79                    
303340800       19790304   6170               13.36                    
303340800       19800308   2180                9.39                    
303340800       19810715   2250                9.53                    
303340800       19820805   3860               11.76                    
303340800       19821226   3350               11.22                    
303340800       19840422   3120               10.20                    
303340800       19850223   7350               13.65                    
303340800       19851211  10400               14.89                    
303340800       19861001   2980               10.22                    
303340800       19880407   3010               10.26                    
303340800       19890526  12900               15.48                    
303340800       19900311   5290               12.49                    
303340800       19901230  16000               16.10                    
303340800       19920922   3780               11.11                    
303340800       19921112  12300               15.34                    
303340800       19931115  12000               15.25                    
303340800       19950308   3300               11.09                    
303340800       19960509   5170               12.98                    
303340800       19970227   7780               14.71                    
303340800       19980615   4740               12.01                    
303340800       19990122   6880               14.26                    
303340800       20000818   2150                8.52                    
303340800       20010606   3010                9.80                    
303340800       20020513   7090               14.46                    
303340800       20030901  11300               16.35                    
303340800       20040105   4830               12.10                    
303340800       20050104   5650               12.98                    
303340800       20060417   3800               10.70                    
303340800       20070115   4500               11.64                    
303340800       20080607  10300               16.08                    
303340800       20090212   6590               13.98                    
303340800       20100622   3170               10.03                    
303340800       20110228  23300               16.45                    
303340800       20111215   3030                8.272                   
303340800       20130419  23900               17.24                    
303340800       20140221   6980               13.23                    
303340800       20150619  11800               14.98                    
303340800       20151227   7280               13.41                    
303340800       20170505   5900               12.56                    
303340800       20180403   6160               12.73                    
303340800       20190207   3560                9.68                    
