Z03346000                       USGS 
H03346000       3900360875644001717033SW05120112318            456.19           
N03346000       NORTH FORK EMBARRAS RIVER NEAR OBLONG, IL
Y03346000       
303346000       19410611   1110               11.55                    
303346000       19420627   6630               19.15                    
303346000       19430511  15500               21.13                    
303346000       19440412   9400               19.35                    
303346000       19450617  10800               19.82                    
303346000       19460214   9050               19.30                    
303346000       19470131   5370               18.06                    
303346000       19480328   9050               19.27                    
303346000       19490119  13800               20.78                    
303346000       19500104  27100               24.38                    
303346000       19510222   8900               19.45                    
303346000       19520312   4660               17.81                    
303346000       19530305   4490               17.74                    
303346000       19540503    228                5.22                    
303346000       19550424   1900               14.33                    
303346000       19560227   4490               17.68                    
303346000       19570629  25000               24.11                    
303346000       19571220  13000               20.84                    
303346000       19590211   9850               19.87                    
303346000       19600625   5800               18.46                    
303346000       19610509  20800               23.00                    
303346000       19620322  10200               19.96                    
303346000       19630305  10900               20.16                    
303346000       19640311   2520               15.866                   
303346000       19650211   2690               16.14                    
303346000       19660428   1880               14.25                    
303346000       19661210   5060               18.12                    
303346000       19671222  21900               23.30                    
303346000       19690130  12800               20.75                    
303346000       19700421   7640               19.23                    
303346000       19710223   5460               18.33                    
303346000       19720422   3480               16.18                    
303346000       19730311   5410               17.63                    
303346000       19731227   6600               17.892                   
303346000       19750223   9440               18.34                    
303346000       19760306   6680               17.47                    
303346000       19770329   4360               16.45                    
303346000       19771215   6440               17.38                    
303346000       19790729  14300               21.18                    
303346000       19800331   3860               17.31                    
303346000       19810612   3790               17.25                    
303346000       19820222   6680               18.87                    
303346000       19821225   8730               19.58                    
303346000       19840422  14300               21.17                    
303346000       19850223  12900               20.79                    
303346000       19851120  16300               21.77                    
303346000       19870702   3090               16.58                    
303346000       19880202   8700               19.57                    
303346000       19890916   8010               19.35                    
303346000       19900517  12800               20.76                    
303346000       19901230  20600               22.96                    
303346000       19920419   5380               18.28                    
303346000       19921113  16300               21.75                    
303346000       19931115  15900               21.65                    
303346000       19950519  11800               20.49                    
303346000       19960508  16500               21.82                    
303346000       19970227  10200               20.00                    
303346000       19980504   9270               19.46                    
303346000       19990122  18500               22.28                    
303346000       20000911   7930               19.05                    
303346000       20001006  15100               21.26                    
303346000       20020513  17100               23.17                    
303346000       20030512   4550               17.48                    
303346000       20040105  10400               19.82                    
303346000       20050105  17900               21.69                    
303346000       20060407  11600               20.19                    
303346000       20070114   8970               19.38                    
303346000       20080607  46200               26.26                    
303346000       20090212  19500               22.56                    
303346000       20091226   5490               17.97                    
303346000       20110427  11600               20.34                    
303346000       20120127   4970               17.31                    
303346000       20130420   8420               19.22                    
303346000       20140404   8100               19.11                    
303346000       20150411   6440               18.48                    
303346000       20151228  18900               22.40                    
303346000       20170430  14900               21.84                    
303346000       20180612  19300               23.02                    
303346000       20190208   6770               18.92                    
