Z03357350                       USGS 
H03357350       3945420864346001818133SW051202033.00           828.20           
N03357350       PLUM CREEK NEAR BAINBRIDGE, IN
Y03357350       
303357350       19700424    235                3.34                    
303357350       19710724    632                5.29                    
303357350       19711214    384                4.17                    
303357350       19721102    380                4.15                    
303357350       19740515    219                3.44                    
303357350       19750424    272                3.61                    
303357350       19760125    169                3.28                    
303357350       19770630    744                5.75                    
303357350       19780314    455                4.52                    
303357350       19790728    449                4.25                    
303357350       19800330    131                3.13                    
303357350       19810518    270                3.60                    
303357350       19820805    441                4.45                    
303357350       19821203    300                3.52                    
303357350       19840422    224                3.242                   
303357350       19850222    315                3.76                    
303357350       19851211    470                4.55                    
303357350       19861004    341                3.90                    
303357350       19880406    245                3.47                    
303357350       19890914    940                6.50                    
303357350       19900515    593                5.11                    
303357350       19901229    343                4.06                    
303357350       19920417    191                3.48                    
303357350       19921112    494                4.67                    
303357350       19931114    438                4.46                    
303357350       19950518    172                3.39                    
303357350       19960527    293                3.84                    
303357350       19970227    721                5.62                    
303357350       19980614    656                5.34                    
303357350       19990122    498                4.64                    
303357350       20000817    202                3.51                    
303357350       20010606    744                5.72                    
303357350       20020507    735                5.77                    
303357350       20030705    456                4.58                    
303357350       20040104    257                3.74                    
303357350       20050511    552                4.99                    
303357350       20060417    440                4.49                    
303357350       20070403    460                4.58                    
303357350       20080604   1000                7.15                    
303357350       20090211    480                4.81                    
303357350       20100622    294                3.87                    
303357350       20110228    813                6.36                    
303357350       20120501    218                3.60                    
303357350       20130418    776                6.20                    
303357350       20140403    457                4.69                    
303357350       20150712    829                6.43                    
303357350       20151227    389                4.33                    
303357350       20170707    422                4.78                    
303357350       20180925    502                4.92                    
303357350       20190619    407                4.43                    
