Z03368000                       USGS 
H03368000       3904130852910001818079SW0512020711.4           716.64           
N03368000       BRUSH CREEK NEAR NEBRASKA, IN
Y03368000       
303368000       19560528   1870                8.75                    
303368000       19570704   2080                9.17                    
303368000       19580722   2360                9.70                    
303368000       19590121   2730               10.30                    
303368000       19600623   2540               10.03                    
303368000       19610507   2250                9.48                    
303368000       19620715   3120               10.90                    
303368000       19630304   2540               10.04                    
303368000       19640309   1980                9.00                    
303368000       19650408   1710                8.50                    
303368000       19660102    990                6.86                    
303368000       19670502   1240                7.47                    
303368000       19680524   3440               11.40                    
303368000       19690129   1650                8.38                    
303368000       19700402   1500                8.08                    
303368000       19710222   1460                7.90                    
303368000       19720416   1780                8.63                    
303368000       19730724   1720                8.52                    
303368000       19740401   1540                8.17                    
303368000       19750223   2060                9.20                    
303368000       19760113   1300                7.65                    
303368000       19770505   1760                8.62                    
303368000       19780806   1740                8.59                    
303368000       19790801   2540               10.04                    
303368000       19800111   1540                8.16                    
303368000       19810610   9360               12.99                    
303368000       19820122   1420                8.61                    
303368000       19830502   1290                8.27                    
303368000       19840422   1030                7.15                    
303368000       19850330   1120                7.41                    
303368000       19851115   2120                9.78                    
303368000       19861126   1260                7.78                    
303368000       19880202   1370                8.04                    
303368000       19890108   1540                8.48                    
303368000       19900516   1700                8.88                    
303368000       19910602   2140                9.82                    
303368000       19920717   1350                8.01                    
303368000       19930817   2040                9.61                    
303368000       19931114   1880                9.27                    
303368000       19950807   4740               12.05                    
303368000       19960429   2210                9.95                    
303368000       19970502   1750                9.01                    
303368000       19980416   5200               12.20                    
303368000       19990207   1630                8.72                    
303368000       20000103   1600                8.65                    
303368000       20001216   1170                7.31                    
303368000       20011024   2660               10.55                    
303368000       20030710   6830               12.61                    
303368000       20040612   1670                8.66                    
303368000       20050105   1210                7.41                    
303368000       20060312   1850                9.10                    
303368000       20061201   1410                7.98                    
303368000       20080604   3200               11.14                    
303368000       20090804   2590               10.46                    
303368000       20100621   1390                7.93                    
303368000       20110423   1730                8.80                    
303368000       20120117   2780               10.70                    
303368000       20130626   1700                8.72                    
303368000       20140403   2210                9.92                    
303368000       20150717   2590                9.75                    
303368000       20160221   2030                9.04                    
303368000       20170429   2290                9.38                    
303368000       20171106   2590                9.74                    
303368000       20190615   1820                8.74                    
