Z03384450                       USGS 
H03384450       3728210883251001717151SW0514020342.9           360.42           
N03384450       LUSK CREEK NEAR EDDYVILLE, IL
Y03384450       
303384450       19680404   4450               17.50                    
303384450       19690623   6140               21.73                    
303384450       19700510   6510               22.65                    
303384450       19710222   3710               15.46                    
303384450       19720415   5160               19.28                    
303384450       19730527  11200               23.45                    
303384450       19731226   3020               13.43                    
303384450       19750425   7940               20.34                    
303384450       19760703   4880               16.58                    
303384450       19770328   9860               22.21                    
303384450       19780313   4790               16.46                    
303384450       19790331   6010               18.13                    
303384450       19800703   2470               11.85                    
303384450       19810519   3810               14.95                    
303384450       19820131   4980               16.73                    
303384450       19830430  10200               22.39                    
303384450       19840506   3410               13.64                    
303384450       19850824  16100               27.78                    
303384450       19860516   4550               16.11                    
303384450       19870228   3280               13.84                    
303384450       19871226   3840               15.00                    
303384450       19890702   5220               17.07                    
303384450       19900120   5970               18.07                    
303384450       19910322   5020               16.78                    
303384450       19920318   1820                9.75                    
303384450       19930104   5700               17.72                    
303384450       19931117   6370               18.58                    
303384450       19950420   5910               17.93                    
303384450       19960429   4250               14.84                    
303384450       19970301   8580               20.91                    
303384450       19980807   2610               11.17                    
303384450       19990122   7530               19.79                    
303384450       20000103   5660               17.56                    
303384450       20010403   2320               10.36                    
303384450       20011217   7260               19.49                    
303384450       20030511   6950               19.13                    
303384450       20040304   1520                8.17                    
303384450       20050328   4190               14.54                    
303384450       20060323   5590               17.44                    
303384450       20070115   5030               16.31                    
303384450       20080318   9740               22.05                    
303384450       20090211   6780               18.67                    
303384450       20100501   5930               17.20                    
303384450       20110423   8830               21.15                    
303384450       20111205   3660               12.62                    
303384450       20130113   5590               16.54                    
303384450       20131221  10400               22.64                    
303384450       20150619   5310               15.97                    
303384450       20160707   9090               21.41                    
303384450       20170430   7350               19.58                    
303384450       20180224   7300               19.52                    
303384450       20190314   4930               15.22                    
