Z03450000                       USGS 
H03450000       3539110822419003737021SW060101055.46           2726.39          
N03450000       BEETREE CREEK NEAR SWANNANOA, NC
Y03450000       
303450000       19261115    362                4.10                    
303450000       19280815    830                5.40                    
303450000       19290926    192                3.50                    
303450000       19291021    379                4.15                    
303450000       19310422    204                3.55                    
303450000       19320501    180                3.46                    
303450000       19321228    242                3.70                    
303450000       19340303    204                3.56                    
303450000       19350108    204                3.55                    
303450000       19360406    220                3.68                    
303450000       19361016    216                3.66                    
303450000       19371019    179                3.43                    
303450000       19390708    262                3.77                    
303450000       19400813   1370                6.20                    
303450000       19401227    232                3.73                    
303450000       19420308    151                3.36                    
303450000       19421229    207                3.60                    
303450000       19440930    220                3.69                    
303450000       19450326    101                3.00                    
303450000       19460210    141                3.28                    
303450000       19470120    253                3.82                    
303450000       19480711    158                3.40                    
303450000       19490616    565                4.80                    
303450000       19500901    152                3.40                    
303450000       19501207    265                3.89                    
303450000       19520323    247                3.82                    
303450000       19530221    454                4.50                    
303450000       19540122    273                3.92                    
303450000       19550322   83.0                2.99                    
303450000       19560415    132                3.30                    
303450000       19570404    284                3.96                    
303450000       19571220    158                3.43                    
303450000       19590930    290                3.75                    
303450000       19600330    235                3.60                    
303450000       19610824    278                3.72                    
303450000       19611212    180                3.42                    
303450000       19630312    564                4.53                    
303450000       19640929    461                4.29                    
303450000       19650326    604                4.62                    
303450000       19660213    340                4.00                    
303450000       19670604    278                3.81                    
303450000       19680312    166                3.43                    
303450000       19681019    130                3.29                    
303450000       19691230    191                3.52                    
303450000       19710707   68.0                2.91                    
303450000       19720620    421                4.19                    
303450000       19730528    489                4.36                    
303450000       19731226    155                3.39                    
303450000       19750324    493                4.37                    
303450000       19771106   12807               6.04                    
303450000       19791125    347                4.12                    
303450000       19810527    110                3.37                    
303450000       19851130   46.0                3.28                    
303450000       19870228    220                3.91                    
303450000       19871117   97.0                3.56                    
303450000       19890922    330                4.12                    
303450000       19900317    439                4.28                    
303450000       19910329    336                4.13                    
303450000       19911203    177                3.81                    
303450000       19930323    336                4.13                    
303450000       19940817   1040                5.75                    
303450000       19950114    582                4.82                    
303450000       19951005    534                4.70                    
303450000       19961201    210                3.92                    
303450000       19980107    534                4.70                    
303450000       19990124   65.0                3.39                    
303450000       20000404    130                3.69                    
303450000       20010119   92.0                3.56                    
303450000       20020125   46.0                3.31                    
303450000       20030506    165                3.84                    
303450000       20040917    8749               4.402                   
303450000       20050822    203                2.836                   
303450000       20060422    115                2.68                    
303450000       20070101    107                2.67                    
303450000       20080304   97.0                2.57                    
303450000       20081211    108                2.79                    
303450000       20100125    190                3.10                    
303450000       20101130    193                3.11                    
303450000       20111128    210                2.93                    
303450000       20130710    823                3.91                    
303450000       20131223    138R               2.60                    
303450000       20141014    203                2.85                    
303450000       20151202    632R               3.67                    
303450000       20170912    122R               2.61                    
303450000       20180529   1860                5.74                    
303450000       20190419   1160                5.22                    
