Z03455500                       USGS 
H03455500       3523460825615003737087SW0601010627.6           2976.00          
N03455500       W F PIGEON R ABOVE LAKE LOGAN NR HAZELWOOD, NC
Y03455500       
303455500       19550322   2250                4.88                    
303455500       19560415   4550                6.62                    
303455500       19570404   3540                5.92                    
303455500       19571220   3920                6.19                    
303455500       19590121   5050                6.95                    
303455500       19591009   3870                6.16                    
303455500       19610225   2440                5.06                    
303455500       19611212   3100                5.59                    
303455500       19630305   3020                5.53                    
303455500       19640305   4720                6.73                    
303455500       19641004   4940                6.88                    
303455500       19660213   9740                9.50                    
303455500       19670707   6890                8.06                    
303455500       19680312   2440                5.10                    
303455500       19681019   2370                5.04                    
303455500       19691230   3850                6.20                    
303455500       19710222   2080                4.85                    
303455500       19720620   5290                7.12                    
303455500       19730527   8780                9.05                    
303455500       19731121   3600                5.98                    
303455500       19750923   6200                7.66                    
303455500       19760515   8800                9.06                    
303455500       19770312   6830                8.03                    
303455500       19771025   3730                6.07                    
303455500       19790921   6470                7.82                    
303455500       19791102   6160                7.64                    
303455500       19810527   3960                6.24                    
303455500       19820131   1930                4.64                    
303455500       19830202   5940                7.51                    
303455500       19840213   3510                5.92                    
303455500       19841128   2510                5.16                    
303455500       19860313   2230                4.92                    
303455500       19861126   3810                6.13                    
303455500       19871117   5970                7.53                    
303455500       19890505   3290                5.86                    
303455500       19900216   4770                6.91                    
303455500       19910329   3900                6.32                    
303455500       19911122   4080                6.45                    
303455500       19921122   2960                5.74                    
303455500       19940817   8030                8.25                    
303455500       19950308   4370                7.11                    
303455500       19951005   5220                7.81                    
303455500       19961108   3150                6.03                    
303455500       19980107   5140                7.74                    
303455500       19990724   2260                5.19                    
303455500       19991125   4500                7.22                    
303455500       20010119   1740                4.66                    
303455500       20020927   2260                5.19                    
303455500       20030506   2390                5.31                    
303455500       20040917  127009              10.83                    
303455500       20050830   3690                6.39                    
303455500       20051129   3170                5.86                    
303455500       20061115   1820                4.42                    
303455500       20080826   4300                6.97                    
303455500       20081211   2150                4.79                    
303455500       20100124   2060                4.51                    
303455500       20101130   2380                4.89                    
303455500       20111128   4040                6.63                    
303455500       20130703   3700                6.39                    
303455500       20140515   2010                4.56                    
303455500       20150419   3740                6.43                    
303455500       20151229   4480                7.13                    
303455500       20170501   2020                4.57                    
303455500       20171023   3390                6.10                    
303455500       20190419   3150                5.86                    
