Z03456500                       USGS 
H03456500       3527420825211003737087SW0601010651.5           2674.34          
N03456500       EAST FORK PIGEON RIVER NEAR CANTON, NC
Y03456500       
303456500       19550206   1970                4.90                    
303456500       19560415   3640                6.10                    
303456500       19570404   6640                7.78                    
303456500       19571220   3690                6.09                    
303456500       19590121   4920                6.88                    
303456500       19591009   3390                5.88                    
303456500       19610225   3200                5.74                    
303456500       19611212   3760                6.14                    
303456500       19630306   2840                5.47                    
303456500       19640305   4280                6.49                    
303456500       19641004   6920                7.91                    
303456500       19660213  10100               10.13                    
303456500       19670604   4800                6.96                    
303456500       19680312   2890                5.57                    
303456500       19681019   1300                3.98                    
303456500       19691002   3270                5.88                    
303456500       19710222   1700                4.46                    
303456500       19720620   8820                9.39                    
303456500       19730528  12000               11.19                    
303456500       19731226   3690                6.20                    
303456500       19750923   8090                8.96                    
303456500       19760515  10000               10.08                    
303456500       19770312   6940                8.28                    
303456500       19780125   5580                7.48                    
303456500       19790304   8480                9.27                    
303456500       19791102   6990                8.39                    
303456500       19810527   2260                4.85                    
303456500       19820203   2780                5.37                    
303456500       19830202  10300               10.27                    
303456500       19840213   2660                5.26                    
303456500       19850817   2030                4.60                    
303456500       19851101   2590                5.19                    
303456500       19861126   4080                6.46                    
303456500       19871117   3230                5.78                    
303456500       19890505   2630                5.22                    
303456500       19900504   3550                6.04                    
303456500       19910329   3430                5.94                    
303456500       19911122   3940                6.35                    
303456500       19921122   4690                6.91                    
303456500       19940817  11100               10.70                    
303456500       19950114   6100                7.86                    
303456500       19951005   9220                9.70                    
303456500       19961108   8050                9.03                    
303456500       19980107   7910                8.95                    
303456500       19990401   1480                4.15                    
303456500       19991126   3780                6.23                    
303456500       20001217   1180                3.82                    
303456500       20020927   2710                5.32                    
303456500       20030702   2810                5.41                    
303456500       20040917  129009              13.05                    
303456500       20050612   2870                5.27                    
303456500       20051129   3770                6.09                    
303456500       20070101   1870                4.16                    
303456500       20080826   5470                7.48                    
303456500       20090921   4020                6.31                    
303456500       20100124   2740                5.14                    
303456500       20101130   3740                6.06                    
303456500       20111128   5210                7.28                    
303456500       20130505   4280                6.71                    
303456500       20131223   1730                4.23                    
303456500       20150419   4440                6.84                    
303456500       20151229   5760                7.87                    
303456500       20170123   4410                6.82                    
303456500       20171023   5520                7.69                    
303456500       20190419   5320                7.54                    
