Z03463300                       USGS 
H03463300       3549530821103003737199SW0601010843.3           2658.00          
N03463300       SOUTH TOE RIVER NEAR CELO, NC
Y03463300       
303463300       19571220   2880                4.20                    
303463300       19590930  10600                8.64                    
303463300       19600330   2610                3.67                    
303463300       19610225   3630                4.85                    
303463300       19620823   4110                5.25                    
303463300       19630312   5340                6.16                    
303463300       19640830   9160                7.80                    
303463300       19650326   4600                5.63                    
303463300       19660213   9990                8.39                    
303463300       19670604   4180                5.31                    
303463300       19680312   4360                5.45                    
303463300       19681019   2620                3.96                    
303463300       19691101   3040                4.35                    
303463300       19701030   3970                5.13                    
303463300       19720620  13900                9.87                    
303463300       19730925   5630                6.34                    
303463300       19731226   2660                4.00                    
303463300       19750923  12800                9.46                    
303463300       19760515  10100                8.46                    
303463300       19770313   6620                6.85                    
303463300       19771106  32900               17.41                    
303463300       19790921   8150                7.59                    
303463300       19791126   7310                7.20                    
303463300       19810527   1920                3.28                    
303463300       19820203   2330                3.69                    
303463300       19830202   6700                6.90                    
303463300       19840213   5470                6.24                    
303463300       19850817   2640                3.98                    
303463300       19851101   4590                5.60                    
303463300       19870228   3850                5.04                    
303463300       19871117   3860                5.05                    
303463300       19890922   9030                7.98                    
303463300       19900809   6940                7.02                    
303463300       19901012   2880                4.20                    
303463300       19920604   4390                5.47                    
303463300       19930504   4960                5.90                    
303463300       19940817  15600               10.49                    
303463300       19950114  13600                9.78                    
303463300       19951005  14000                9.90                    
303463300       19961201   2980                4.29                    
303463300       19980108  12800                9.47                    
303463300       19990123   2420                3.78                    
303463300       19991126   5250                6.10                    
303463300       20010119   1680                3.04                    
303463300       20020927   4120                5.26                    
303463300       20030418   3730                4.94                    
303463300       20040908  280009              15.50                    
303463300       20050830   9340                8.11                    
303463300       20060901   3320                4.59                    
303463300       20070101   2160                3.53                    
303463300       20080826  10000                8.26                    
303463300       20081211   3180                4.20                    
303463300       20100125   4420                5.10                    
303463300       20110416   4120                4.89                    
303463300       20111128   2810                3.90                    
303463300       20130506   9100                7.80                    
303463300       20140907   2870                3.95                    
303463300       20141014  14000                9.91                    
303463300       20151003   4880                5.40                    
303463300       20170912   3810                4.83                    
303463300       20180530  14900               10.85                    
303463300       20181011  10800                8.97                    
