Z03504000                       USGS 
H03504000       3507390833707003737113SW0601020251.9           3072.97          
N03504000       NANTAHALA RIVER NEAR RAINBOW SPRINGS, NC
Y03504000       
303504000       19400813   3430                6.50                    
303504000       19410705   1860                4.37                    
303504000       19420520   1650                4.09                    
303504000       19421229   2960                5.93                    
303504000       19440218   1550                3.94                    
303504000       19450101    980                3.07                    
303504000       19460714   2580                5.40                    
303504000       19470120   2670                5.52                    
303504000       19480212   1960                4.55                    
303504000       19490616   6300                9.70                    
303504000       19500313   1990                4.63                    
303504000       19510329   1800                4.36                    
303504000       19520311   2760                5.66                    
303504000       19530221   2970                5.92                    
303504000       19540116   3320                6.36                    
303504000       19550322   2140                4.84                    
303504000       19560415   2170                4.88                    
303504000       19570131   4860                8.15                    
303504000       19571220   2190                4.92                    
303504000       19590121   2690                5.58                    
303504000       19600403   1400                3.79                    
303504000       19610225   2970                5.93                    
303504000       19611212   2740                5.64                    
303504000       19630306   2320                5.10                    
303504000       19640407   2770                5.68                    
303504000       19641004   5130                8.46                    
303504000       19660213   4770                8.06                    
303504000       19670604   2570                5.42                    
303504000       19680312   1770                4.32                    
303504000       19690202   2790                5.70                    
303504000       19691230   2240                4.98                    
303504000       19710123   2050                4.71                    
303504000       19711207   1980                4.61                    
303504000       19730528   4250                7.48                    
303504000       19731205   2760                5.66                    
303504000       19750330   2540                5.39                    
303504000       19760515   5200                8.53                    
303504000       19770404   2960                5.91                    
303504000       19771106   3130                6.17                    
303504000       19790304   3670                6.82                    
303504000       19800321   2580                5.46                    
303504000       19810527   1960                4.60                    
303504000       19820104   1840                4.42                    
303504000       19830202   3540                6.67                    
303504000       19840320   1930                4.56                    
303504000       19841128   1540                3.96                    
303504000       19851101   1040                3.14                    
303504000       19861126   2170                4.90                    
303504000       19880120   1900                4.51                    
303504000       19890620   2180                4.91                    
303504000       19900216   3600                6.74                    
303504000       19901223   3030                6.04                    
303504000       19920828   2040                4.71                    
303504000       19921220   2230                4.98                    
303504000       19940817   2860                5.83                    
303504000       19950216   3700                6.86                    
303504000       19951005   3280                6.35                    
303504000       19961201   2160                4.89                    
303504000       19980107   3810                6.99                    
303504000       19990123   1150                3.32                    
303504000       20000403   1760                4.30                    
303504000       20010119   1650                4.14                    
303504000       20020927   1780                4.33                    
303504000       20030507   2150                4.87                    
303504000       20040917   4950                8.29                    
303504000       20050830   2130                4.84                    
303504000       20060117   1430                3.79                    
303504000       20070101   1490                3.89                    
303504000       20080826   2940                5.93                    
303504000       20090921   3190                6.24                    
303504000       20091225   1790                4.35                    
303504000       20101130   2070                4.76                    
303504000       20111128   2390                5.20                    
303504000       20130130   4280                7.54                    
303504000       20131223   1860                4.47                    
303504000       20141014   2460                5.29                    
303504000       20151224   5010                8.36                    
303504000       20170521   1060                3.16                    
303504000       20180530   3610                6.75                    
303504000       20181228   2550                5.42                    
