Z03574500                       USGS 
H03574500       3437270861823000101071SW06030002320.00 320.00  570.95           
N03574500       PAINT ROCK RIVER NEAR WOODVILLE AL
Y03574500       
303574500       19360204  19600               19.24                    
303574500       19370103  16400               18.85                    
303574500       19380409  11300               18.01                    
303574500       19390204  27000               20.35                    
303574500       19400219   7920               16.89                    
303574500       19410308   6260               16.40                    
303574500       19420322   4570               14.962                   
303574500       19421228  28000               20.50                    
303574500       19440329  14600               18.56                    
303574500       19450218  13200               18.33                    
303574500       19460109  16400               18.81                    
303574500       19470121   9500               17.55                    
303574500       19480213  23600               19.902                   
303574500       19490105  28700               20.84                    
303574500       19500107  19400               19.39                    
303574500       19510329  27500               20.32                    
303574500       19520311  15300               18.87                    
303574500       19530222   7990               17.48                    
303574500       19540116  22800               19.81                    
303574500       19550322   9640               17.92                    
303574500       19560204  23600               19.90                    
303574500       19570201  25900               20.16                    
303574500       19571119  22700               19.80                    
303574500       19590122  13900               18.67                    
303574500       19591220  13000               18.42                    
303574500       19610223  21700               19.68                    
303574500       19611218  24000               19.95                    
303574500       19630312  46700               22.60                    
303574500       19640315  20000               19.38                    
303574500       19650327  16000               18.74                    
303574500       19660214  11000               17.58                    
303574500       19670713   8400               16.63                    
303574500       19671218  24000               20.072                   
303574500       19690202  20000               19.32                    
303574500       19691231  27000               20.492                   
303574500       19710222  15200               18.39                    
303574500       19711207  18000               19.01                    
303574500       19730316  74200               24.40        1867          
303574500       19731227  32000               21.06                    
303574500       19750314  27000               20.40                    
303574500       19751009  20000               19.57                    
303574500       19770405  14000               18.60                    
303574500       19771106  20100               19.62                    
303574500       19790304  19700               19.49                    
303574500       19800321  31200               21.39                    
303574500       19810331   9000               16.93                    
303574500       19820104  20000               19.57                    
303574500       19830406  22000               19.96                    
303574500       19840504  16000               18.94                    
303574500       19850202   9000               17.01                    
303574500       19860314  11000               17.75                    
303574500       19870120  14000               18.35                    
303574500       19880120  19000               19.36                    
303574500       19890405  12000               17.85                    
303574500       19900216  23000               19.89                    
303574500       19901223  58000               23.42                    
303574500       19911202  34000               21.36                    
303574500       19930324  28000               20.64                    
303574500       19940211  32000               21.08                    
303574500       19950309   9500               17.07                    
303574500       19960308  15000               18.55                    
303574500       19970320  10000               17.31                    
303574500       19980108  29000               20.87                    
303574500       19990124  14000               18.35                    
303574500       20000404  21200               19.73                    
303574500       20010120  16500               18.84                    
303574500       20011215  17000               18.87                    
303574500       20030216  24500               20.20                    
303574500       20040207  19800               20.10                    
303574500       20041207  29000               20.68                    
303574500       20060119   7410               16.31                    
303574500       20061117   4830               15.15                    
303574500       20080305   4290               14.84                    
303574500       20081211  13100               18.90                    
303574500       20091210  17300               19.76                    
303574500       20110310  12200               18.65                    
303574500       20120124  12900               18.85                    
303574500       20130116  12900               18.85                    
303574500       20140408   6560               16.64                    
303574500       20150105   6760               16.74                    
303574500       20151226  20600               20.21                    
303574500       20170124  11100               18.35                    
303574500       20180301  17000               19.65                    
303574500       20190224  16500               19.56                    
