Z03604000                       USGS 
H03604000       3529450874958004747135SW06040004447            513.58           
N03604000       BUFFALO RIVER NEAR FLAT WOODS, TN
Y03604000       
303604000       19210416  14300               15.60                    
303604000       19220310  22400               21.00                    
303604000       19230815  15500               16.40                    
303604000       19240103  17800               17.90                    
303604000       19250511   7590               10.80                    
303604000       19260604   4550                8.10                    
303604000       19270313  52200               29.30                    
303604000       19280422   8920               11.80                    
303604000       19290323  21200               20.18                    
303604000       19300308   9200               12.00                    
303604000       19310807   4430                8.00                    
303604000       19320130  20200               19.50                    
303604000       19321017  22300               21.80                    
303604000       19340325  17000               18.30                    
303604000       19350313  15700               17.33                    
303604000       19360406  12100               16.20                    
303604000       19370102  24000               24.36                    
303604000       19380122  15000               18.80                    
303604000       19390216   7590               12.80                    
303604000       19400419  17600               20.55                    
303604000       19401229   2000                5.85                    
303604000       19420410   4100                9.12                    
303604000       19421228  16000               19.52                    
303604000       19440329  12900               17.25                    
303604000       19450101  22900               23.79                    
303604000       19460108  22000               23.32                    
303604000       19470103   8160               13.39                    
303604000       19480213  90000               32.00        1897          
303604000       19490105  12900               17.12                    
303604000       19500215  19000               21.23                    
303604000       19510201  16600               19.70                    
303604000       19511209  20600               22.22                    
303604000       19530212  13400               17.52                    
303604000       19540121  15300               18.87                    
303604000       19550322  66300               30.45                    
303604000       19560219  13800               18.07                    
303604000       19570201  17200               20.38                    
303604000       19571119  16100               19.70                    
303604000       19590122   7350               12.85                    
303604000       19600404  10800               15.82                    
303604000       19610308  14300               18.46                    
303604000       19620227  20400               22.20                    
303604000       19630312  12500               17.47                    
303604000       19640408   9800               15.47                    
303604000       19650330  18100               20.94                    
303604000       19660214   6630               12.28                    
303604000       19670514  26400               24.54                    
303604000       19680517   9770               15.44                    
303604000       19690411  12100               17.18                    
303604000       19691230  18700               21.30                    
303604000       19710222   8600               14.38                    
303604000       19720423   5590               11.88                    
303604000       19730316  42000               26.83                    
303604000       19731128  43900               27.16                    
303604000       19750313  60200               29.26                    
303604000       19751018   6940               13.35                    
303604000       19770304  22500               22.46                    
303604000       19771130  14400               18.91                    
303604000       19790402  18000               20.66                    
303604000       19800321  42600               26.98                    
303604000       19810330   4610               10.70                    
303604000       19820104   9950               15.61                    
303604000       19821227  31700               24.93                    
303604000       19840422  22200               22.33                    
303604000       19841119   5530               11.12                    
303604000       19860529   8220               13.97                    
303604000       19870301  12100               17.45                    
303604000       19880120  14400               18.96                    
303604000       19890113  20300               21.56                    
303604000       19900204  26700               23.72                    
303604000       19910527  96300               32.19                    
303604000       19911203  30400               24.98                    
303604000       19930504   6270               11.50                    
303604000       19940328  22200               22.33                    
303604000       19950308  15000               17.98                    
303604000       19960423  10200               14.44                    
303604000       19970303  24200               23.06                    
303604000       19980715  27400               24.13                    
303604000       19990123  21000               21.45                    
303604000       20000311   6470               11.07                    
303604000       20010217  22600               22.17                    
303604000       20020124  29500               24.84                    
303604000       20030507  35400               25.08                    
303604000       20040206  29600               23.54                    
303604000       20041201  19900               19.87                    
303604000       20060123  14100               16.83                    
303604000       20070302   4420                8.40                    
303604000       20080405  11800               15.21                    
303604000       20090503  19800               19.81                    
303604000       20100503  93100               32.86                    
303604000       20110428  20000               19.81                    
303604000       20120112   4620                8.61                    
303604000       20130412   9320               13.72                    
303604000       20140606  20200               19.83                    
303604000       20150222  13900               16.02                    
303604000       20160203  16800               17.95                    
303604000       20170730   77802              11.405                   
303604000       20180301  32500               23.40                    
303604000       20190223  31300               23.13                    
