Z04015330                       USGS 
H04015330       4656490914732002727075SW0401010283.6                            
N04015330       KNIFE RIVER NEAR TWO HARBORS, MN
Y04015330       
304015330       19750423   2860                7.52                    
304015330       19760406   1520                5.932                   
304015330       19770924   4320                8.94                    
304015330       19780529   3750                8.43                    
304015330       19790510   7440               11.16                    
304015330       19800904   3450                8.09                    
304015330       19810423   2430                7.24                    
304015330       19820703   3270                8.03                    
304015330       19821121   2580                7.35                    
304015330       19840610   2630                7.29                    
304015330       19841019   2400                7.15                    
304015330       19860610   3380                8.04                    
304015330       19870518   2450                7.13                    
304015330       19880813   2510                7.21                    
304015330       19890416   1430                6.032                   
304015330       19900430   1580                6.14                    
304015330       19910629   5440                9.82                    
304015330       19920421   3140                7.842                   
304015330       19930704   4580                9.53                    
304015330       19940415   2000                6.94                    
304015330       19950825   3510                8.19                    
304015330       19960927   2810                7.53                    
304015330       19970624   5780               10.29                    
304015330       19980329   1950                6.572                   
304015330       19990705   9100               12.14                    
304015330       20000508   2050                6.462                   
304015330       20010423   3240                7.662                   
304015330       20020708   2390                6.79                    
304015330       20030410   1780                6.09                    
304015330       20040531   1790                6.29                    
304015330       20050614   1760                6.252                   
304015330       20060331   1410                5.712                   
304015330       20070618   1760                6.142                   
304015330       20080606   2480                7.17                    
304015330       20090325   120012                                      
304015330       20100312   1490                5.83                    
304015330       20110622   2270                6.92                    
304015330       20120620  25500               12.81                    
304015330       20130430   3060                6.03                    
304015330       20140411   2250                5.542                   
304015330       20150924   1220                4.732                   
304015330       20160613   2560                5.742                   
304015330       20161129   18702               5.112                   
304015330       20180618   4110               32.636                   
304015330       20181010   1780               29.952                   
