Z04024430                       USGS 
H04024430       4638000920538005555031SW04010301420            601.10           
N04024430       NEMADJI RIVER NEAR SOUTH SUPERIOR, WI
Y04024430       
304024430       19740611   5770               21.61                    
304024430       19750424   4850               20.40                    
304024430       19760331   5880               21.73                    
304024430       19770925   4150               19.22                    
304024430       19780824   4220               20.08                    
304024430       19790510  10700               22.83                    
304024430       19800904   3620               18.65                    
304024430       19810615   5580               20.38                    
304024430       19820417   4740               19.412                   
304024430       19830704   5950               20.532                   
304024430       19840611   6060               20.62                    
304024430       19850903  10400               23.82                    
304024430       19860429   8840               22.292                   
304024430       19861108   1810               12.96                    
304024430       19880510   4500               19.10                    
304024430       19890407   348029             19.071                   
304024430       19900906  13700               25.97                    
304024430       19910507   4780               19.45                    
304024430       19920703   5350               20.28                    
304024430       19930525   5190               20.06                    
304024430       19940427   5750               20.78                    
304024430       19950510   3540               17.232                   
304024430       19960420   6450               21.56                    
304024430       19970407   500029             23.011                   
304024430       19980330   2380               14.292                   
304024430       19990726   7320               22.37                    
304024430       20000309   3920               17.92                    
304024430       20010423  15800               25.18                    
304024430       20020413   54001                                       
304024430       20030510   4150               18.12                    
304024430       20040531   5000               19.15                    
304024430       20050401   5420               20.30                    
304024430       20051006   6250               21.232                   
304024430       20070423   1300               10.912                   
304024430       20080607   4760               19.87                    
304024430       20090820   3510               17.232                   
304024430       20100316   41402              19.241                   
304024430       20110803  33000               27.37                    
304024430       20120621  32600               27.37                    
304024430       20130429   4500               20.461                   
304024430       20140501   5510               20.832                   
304024430       20150707   3110               16.01                    
304024430       20160712  157002              26.065                   
304024430       20170518   3290               17.02                    
304024430       20180617  29500               29.31                    
