Z04045500                       USGS 
H04045500       4634280851610002626095SW04020202790            698.17           
N04045500       TAHQUAMENON RIVER NEAR PARADISE, MI
Y04045500       
304045500       19540429   4850                8.70                    
304045500       19550417   4850                8.71                    
304045500       19560417   3340                7.65                    
304045500       19570426   5740                9.43                    
304045500       19571122   2770                                        
304045500       19590422   4520                8.59                    
304045500       19600510   6990               10.26                    
304045500       19610422   2680                7.05                    
304045500       19620430   4590                8.64                    
304045500       19630410   3810                8.04                    
304045500       19640419   4490                8.57                    
304045500       19650429   4300                8.42                    
304045500       19660424   2970                7.32                    
304045500       19670411   4790                8.75                    
304045500       19680408   4260                8.39                    
304045500       19690422   5240                9.09                    
304045500       19700927   3770                8.01                    
304045500       19710423   5980                9.59                    
304045500       19720504   6540                9.96                    
304045500       19730318   30001                                       
304045500       19740422   4980                8.92                    
304045500       19750501   4590                8.64                    
304045500       19760418   5360                9.17                    
304045500       19770421   5600                9.33                    
304045500       19780428   4200                8.35                    
304045500       19790426   5520                9.28                    
304045500       19800412   4260                8.39                    
304045500       19810406   4730                8.74                    
304045500       19820429   5140                9.03                    
304045500       19830417   3050                7.39                    
304045500       19840418   3480                7.77                    
304045500       19850425   6700               10.07                    
304045500       19860409   5360                9.17                    
304045500       19870330   2170                6.54                    
304045500       19880409   5620                9.42                    
304045500       19890420   3240                7.67                    
304045500       19900325   3060                7.51                    
304045500       19910417   4790                8.87                    
304045500       19920424   3750                8.10                    
304045500       19930412   3300                7.72                    
304045500       19940419   4110                8.38                    
304045500       19950501   2530                6.99                    
304045500       19960427   5120                9.10                    
304045500       19970426   3840                8.17                    
304045500       19980404   3880                8.20                    
304045500       19990408   4230                8.41                    
304045500       20000310   3560                7.87                    
304045500       20010415   5290                9.17                    
304045500       20020419   5870                9.55                    
304045500       20030423   5180                9.09                    
304045500       20040406   3720                8.18                    
304045500       20050409   4180                8.37                    
304045500       20060414   3290                7.64                    
304045500       20070404   3860                8.39                    
304045500       20080421   5770                9.48                    
304045500       20090425   3140                7.50                    
304045500       20100927   2800                7.19                    
304045500       20110501   3500                7.82                    
304045500       20120321   2900                7.27                    
304045500       20130502   4920                8.91                    
304045500       20140504   6050                9.66                    
304045500       20150421   4790                8.82                    
304045500       20160320   3260                7.61                    
304045500       20170413   3940                8.18                    
304045500       20180506   4640                8.71                    
304045500       20190425   6090                9.90                    
