Z04043050                       USGS 
H04043050       4713430882307002626061SW0402010328.0           621.71           
N04043050       TRAP ROCK RIVER NEAR LAKE LINDEN, MI
Y04043050       
304043050       19670415    668                7.80                    
304043050       19680611    865                8.35                    
304043050       19690413    858                8.47                    
304043050       19700510    639                7.52                    
304043050       19710417    756                8.23                    
304043050       19720502   1180                9.30                    
304043050       19730416    410                6.20                    
304043050       19740422   1090                9.07                    
304043050       19750423    632                7.51                    
304043050       19760415    978                8.73                    
304043050       19770329    700                7.77                    
304043050       19780530    556                7.10                    
304043050       19790510   1590               10.72                    
304043050       19800420    760                8.24                    
304043050       19810411    656                7.78                    
304043050       19820425   1110                9.67                    
304043050       19830427    522                7.29                    
304043050       19840416    602                7.69                    
304043050       19850422    892                9.04                    
304043050       19851005    6302                                       
304043050       19870325    280                5.84                    
304043050       19880817   1170                9.95                    
304043050       19881116   1160               10.11                    
304043050       19900316    619                7.93                    
304043050       19910407    645                8.63                    
304043050       19920421    762                8.98                    
304043050       19930425    345                6.68                    
304043050       19940426    661                8.70                    
304043050       19950514    451                7.55                    
304043050       19960629    691                8.83                    
304043050       19970406    453                7.57                    
304043050       19980330   1130               10.53                    
304043050       19990508    636                8.59                    
304043050       20000326    335                6.60                    
304043050       20010421    987               10.39                    
304043050       20020416    707                9.28                    
304043050       20030512    851                9.87                    
304043050       20040419    870                9.57                    
304043050       20050410    543                8.12                    
304043050       20060413    765                9.22                    
304043050       20070326    620                8.56                    
304043050       20080422    739                9.01                    
304043050       20090425    798                9.15                    
304043050       20100319    314                6.51                    
304043050       20110623    946                9.31                    
304043050       20120319    745                8.95                    
304043050       20130430   1070               10.56                    
304043050       20140509   1130               10.82                    
304043050       20150413    869                9.65                    
304043050       20160418    582                8.51                    
304043050       20170427    778                9.21                    
304043050       20180502    828                9.45                    
304043050       20181010    865                9.63                    
