Z04056500                       USGS 
H04056500       4601500860940002626153SW040601061100           608.42           
N04056500       MANISTIQUE RIVER NEAR MANISTIQUE, MI
Y04056500       
304056500       19380401  15000               12.52                    
304056500       19390427  15400               12.59                    
304056500       19400426   7540               10.72                    
304056500       19410418   4210                8.31                    
304056500       19420407   7000               10.54                    
304056500       19430623   8740               11.13                    
304056500       19440428   5000                9.43                    
304056500       19450324   9050               11.202                   
304056500       19460320   5900               10.02                    
304056500       19470413   6530               10.44                    
304056500       19480414   3930                8.38                    
304056500       19490407   4210                                        
304056500       19500427   9360               11.30                    
304056500       19510414   9980               11.50                    
304056500       19520420   5890               10.01                    
304056500       19530328   6520               10.29                    
304056500       19540418   8120               10.88                    
304056500       19550417   5720                9.86                    
304056500       19560410   6080               10.14                    
304056500       19570424   7350               10.63                    
304056500       19580425   3700                8.12                    
304056500       19590420   6820               10.43                    
304056500       19600511  16900               12.85                    
304056500       19610419   4540                9.05                    
304056500       19620430   5780                9.94                    
304056500       19630409   4400                9.02                    
304056500       19640418   4750                9.29                    
304056500       19650426   7460               10.67                    
304056500       19660326   5500               10.201                   
304056500       19670405   7660               10.74                    
304056500       19680403   5720               10.16                    
304056500       19690416   8060               11.08                    
304056500       19700424   6060               10.33                    
304056500       19710419  10800               11.67                    
304056500       19720430   9750               11.40                    
304056500       19730317   5980               10.27                    
304056500       19740421   7070               10.69                    
304056500       19750427   9230               11.27                    
304056500       19760408   9270               11.282                   
304056500       19770416   7610               10.902                   
304056500       19780517   7100               10.70                    
304056500       19790419   8230               11.17                    
304056500       19800412   7990               11.06                    
304056500       19810406   7720               10.99                    
304056500       19820428   8590               11.21                    
304056500       19830418   5320               10.16                    
304056500       19840418   4890                9.86                    
304056500       19850422  13200               12.35                    
304056500       19860408   9770               11.55                    
304056500       19870411   2600                7.27                    
304056500       19880409   9770               11.55                    
304056500       19881110   6010               10.372                   
304056500       19900320   5290               10.082                   
304056500       19910412   5600               10.36                    
304056500       19920424   6090               10.62                    
304056500       19930507   5090               10.13                    
304056500       19940419   5750               10.42                    
304056500       19950423   3100                7.93                    
304056500       19960426  11400               12.00                    
304056500       19970418   5920               10.48                    
304056500       19980404   5670               10.39                    
304056500       19990408   7610               11.04                    
304056500       20000311   4130                9.37                    
304056500       20010414  10300               11.67                    
304056500       20020419   8470               11.34                    
304056500       20030423   7270               10.97                    
304056500       20040403   7330               10.99                    
304056500       20050409   6640               10.61                    
304056500       20060406   3890                9.09                    
304056500       20070404   5470               10.21                    
304056500       20080420   7390               11.10                    
304056500       20090429   3770                9.08                    
304056500       20100928   3560                8.75                    
304056500       20110414   5960               10.42                    
304056500       20120323   3420                8.31                    
304056500       20130503   7600               11.02                    
304056500       20140504   7570               11.01                    
304056500       20150417   7100               10.852                   
304056500       20160320   5340               10.15                    
304056500       20170414   5340               10.15                    
304056500       20180506   5470               10.21                    
304056500       20190420   8310               11.25                    
