Z04059500                       USGS 
H04059500       4545180871207002626041SW04030109450            681.71           
N04059500       FORD RIVER NEAR HYDE, MI
Y04059500       
304059500       19550415   3120                5.89                    
304059500       19560410   2330                5.222                   
304059500       19570421   2860                5.58                    
304059500       19580705   2150                4.95                    
304059500       19590419   1800                4.602                   
304059500       19600507   7590                8.27                    
304059500       19610417   2320                5.14                    
304059500       19620426   2370                5.19                    
304059500       19630510   2060                4.88                    
304059500       19640525   2310                5.13                    
304059500       19650510   3190                5.962                   
304059500       19660606   3140                5.92                    
304059500       19670405   3560                6.24                    
304059500       19680701   2570                5.39                    
304059500       19690415   3080                5.87                    
304059500       19700531   3260                6.02                    
304059500       19710414   4900                7.09                    
304059500       19720502   4380                6.79                    
304059500       19730509   3050                5.842                   
304059500       19740418   2300                5.13                    
304059500       19750425   4270                6.61                    
304059500       19760407   3350                5.95                    
304059500       19770417   23901               5.212                   
304059500       19780915   3180                5.832                   
304059500       19790426   4620                6.84                    
304059500       19800409   3560                6.10                    
304059500       19810618   1870                4.72                    
304059500       19820416   3060                5.74                    
304059500       19830415   3320                5.93                    
304059500       19840502   1740                4.592                   
304059500       19850423   2580                5.37                    
304059500       19860404   4510                6.97                    
304059500       19861016   1130                3.95                    
304059500       19880405   3390                5.982                   
304059500       19890407   2840                5.582                   
304059500       19900517   2990                5.69                    
304059500       19910415   3000                5.702                   
304059500       19920421   3280                5.95                    
304059500       19930505   3060                5.76                    
304059500       19940430   1120                3.87                    
304059500       19950420   1440                4.222                   
304059500       19960426   5630                7.45                    
304059500       19970407   3930                6.492                   
304059500       19980402   3540                6.17                    
304059500       19990406   2510                5.38                    
304059500       20000309   2000                4.922                   
304059500       20010412   2580                5.43                    
304059500       20020415   3580                6.17                    
304059500       20030420   3060                5.802                   
304059500       20040406   3100                5.83                    
304059500       20050407   2050                4.972                   
304059500       20060513   1830                4.76                    
304059500       20070326   3350                6.01                    
304059500       20080420   3080                6.06                    
304059500       20090429   1640                4.70                    
304059500       20100924   2860                5.66                    
304059500       20110427   2690                5.56                    
304059500       20120318   1960                4.84                    
304059500       20130430   2630                5.472                   
304059500       20140422   2580                5.432                   
304059500       20150530   29902                                       
304059500       20160317   2840                5.65                    
304059500       20170619   2700                5.53                    
304059500       20180428   2060                4.94                    
304059500       20190418   4170                6.62                    
