Z04063700                       USGS 
H04063700       4545490882749005555037SW04030108139            1406.24          
N04063700       POPPLE RIVER NEAR FENCE, WI
Y04063700       
304063700       19640803    433                2.69                    
304063700       19650510   1100                4.17                    
304063700       19660422    522                2.93                    
304063700       19670412    862                3.67                    
304063700       19680911    664                3.23                    
304063700       19690416    772                3.47                    
304063700       19700603    476                2.89                    
304063700       19710420    825                3.59                    
304063700       19720502   1120                4.14                    
304063700       19730318    700                3.38                    
304063700       19740418    6002                                       
304063700       19750425   1020                3.79                    
304063700       19760422    786                3.41                    
304063700       19770420    487                2.87                    
304063700       19780916    455                2.80                    
304063700       19790425   1640                4.52                    
304063700       19791024    555                3.01                    
304063700       19810616    906                3.61                    
304063700       19820426    515                2.932                   
304063700       19830524    690                3.25                    
304063700       19840502    497                2.74                    
304063700       19850424    695                3.22                    
304063700       19860407   1100                3.95                    
304063700       19861014    474                2.74                    
304063700       19880408    563                2.94                    
304063700       19881118    307                2.332                   
304063700       19900519    394                2.552                   
304063700       19910601    981                3.75                    
304063700       19920422    690                3.21                    
304063700       19930506    603                3.03                    
304063700       19940916    391                2.562                   
304063700       19950516    318                2.372                   
304063700       19960426   1490                4.70                    
304063700       19970409    6209               3.231                   
304063700       19980402    665                3.17                    
304063700       19990711    568                2.97                    
304063700       20000422    291                2.312                   
304063700       20010414    666                3.17                    
304063700       20020419   1560                4.81                    
304063700       20030421    512                2.852                   
304063700       20040421    438                2.692                   
304063700       20050407    341                2.432                   
304063700       20060514    555                2.86                    
304063700       20070608    395                2.472                   
304063700       20080422    676                4.56                    
304063700       20090427    531                3.96                    
304063700       20100926    494                4.16                    
304063700       20110414    602                4.41                    
304063700       20120320    353                3.76                    
304063700       20130503    908                4.99                    
304063700       20140502    532                4.21                    
304063700       20150529    512                4.16                    
304063700       20160318    463                3.982                   
304063700       20170413    942                4.96                    
304063700       20180620    671                4.55                    
