Z04074950                       USGS 
H04074950       4511240884400005555067SW04030202463            1250             
N04074950       WOLF RIVER AT LANGLADE, WI
Y04074950       
304074950       19680628   1510                8.992                   
304074950       19690414   1450                9.012                   
304074950       19700601    930                8.502                   
304074950       19710424   1700                9.192                   
304074950       19720502   1770                9.232                   
304074950       19730315   2200                9.482                   
304074950       19740414   1090                8.672                   
304074950       19750424   19801               9.32                    
304074950       19760327   1860                9.28                    
304074950       19770421   1190                9.132                   
304074950       19780726   1050                8.98                    
304074950       19790422   1850                9.87                    
304074950       19810615   1280                9.322                   
304074950       19820419   1200                9.232                   
304074950       19830529   1310                9.35                    
304074950       19840430   1060                9.082                   
304074950       19850424   1460                9.50                    
304074950       19860406   1960                9.97                    
304074950       19861015   1310                9.35                    
304074950       19880407   1160                9.22                    
304074950       19890328   1500129                                     
304074950       19900613   2010               10.022                   
304074950       19910603   1770                9.73                    
304074950       19920421   1550                9.53                    
304074950       19930620   1780                9.842                   
304074950       19940917   160012                                      
304074950       19950814    771                8.722                   
304074950       19960426   2440               10.40                    
304074950       19970406   1790                9.85                    
304074950       19980401   1600                9.67                    
304074950       19990508    934                8.952                   
304074950       20000712   1410                9.49                    
304074950       20010413   1370                9.45                    
304074950       20020419   1610                9.68                    
304074950       20030421   1310                9.362                   
304074950       20040329   130019                                      
304074950       20050405   1090                9.10                    
304074950       20051004   1020                9.012                   
304074950       20070401   1020                9.002                   
304074950       20080422   1470                9.54                    
304074950       20090427   1160                9.18                    
304074950       20100924   1380                9.33                    
304074950       20110412   1530                9.492                   
304074950       20120317   1170                9.102                   
304074950       20130504   1570                9.75                    
304074950       20140430   1340                9.462                   
304074950       20150414   1030                9.072                   
304074950       20160317   1440                9.562                   
304074950       20170421   1540                9.642                   
304074950       20180618   1530                9.78                    
