Z04105700                       USGS 
H04105700       4221120852114002626077SW0405000338.9           815              
N04105700       AUGUSTA CREEK NEAR AUGUSTA, MI
Y04105700       
304105700       19650305    115                2.26                    
304105700       19651226   90.0                1.85                    
304105700       19661209    112                2.12                    
304105700       19680203    125                2.03                    
304105700       19690131   95.0                1.98                    
304105700       19700719    106                2.21                    
304105700       19710220   90.0                1.91                    
304105700       19720418   90.0                1.92                    
304105700       19721231    121                2.34                    
304105700       19740517    125                2.22                    
304105700       19750419    228                3.06                    
304105700       19760222    121                2.22                    
304105700       19770304   95.0                1.90                    
304105700       19780627    300                3.41                    
304105700       19790609    154                2.64                    
304105700       19800803   98.0                1.942                   
304105700       19810414    106                2.04                    
304105700       19820314    131                2.29                    
304105700       19830502    111                2.09                    
304105700       19840214   97.0                1.83                    
304105700       19850224    181                2.52                    
304105700       19860925    226                3.05                    
304105700       19861003    167                2.65                    
304105700       19880923    122                2.23                    
304105700       19890601    218                2.85                    
304105700       19900311    118                2.18                    
304105700       19901128    153                2.52                    
304105700       19911130    107                1.97                    
304105700       19930421    160                2.56                    
304105700       19940705    143                2.41                    
304105700       19950819    118                2.07                    
304105700       19960619    106                1.94                    
304105700       19970222    161                2.57                    
304105700       19980410   98.0                1.84                    
304105700       19990124    114                2.05                    
304105700       20000518    125                2.17                    
304105700       20010211    136                2.33                    
304105700       20020309    116                2.08                    
304105700       20030405    111                2.04                    
304105700       20040524    138                2.36                    
304105700       20050114    147                2.45                    
304105700       20060913    113                2.06                    
304105700       20061201    102                1.94                    
304105700       20080914    312                3.48                    
304105700       20090620    174                2.65                    
304105700       20100607    188                2.77                    
304105700       20110729    187                2.76                    
304105700       20111021    117                2.15                    
304105700       20130419    182                2.72                    
304105700       20140708    143                2.38                    
304105700       20150624    260                3.24                    
304105700       20160817    129                2.41                    
304105700       20170407    131                2.42                    
304105700       20180221    237                3.11                    
304105700       20190621    168                2.65                    
