Z04115265                       USGS 
H04115265       4314590845852002626117SW0405000539.7           795              
N04115265       FISH CREEK NEAR CRYSTAL, MI
Y04115265       
304115265       19880201    302                4.94                    
304115265       19890315    502                5.42                    
304115265       19900312    558                5.53                    
304115265       19901128    227                4.85                    
304115265       19911005    142                4.53                    
304115265       19930105    232                4.68                    
304115265       19940221    310                5.13                    
304115265       19941106    199                4.62                    
304115265       19960521    195                4.60                    
304115265       19970221    320                4.992                   
304115265       19980106    111                4.06                    
304115265       19990424    173                4.47                    
304115265       20000613    211                4.64                    
304115265       20010516    233                4.72                    
304115265       20020310    192                4.56                    
304115265       20030318    120                4.09                    
304115265       20040510    312                4.97                    
304115265       20050614    224                4.69                    
304115265       20051106    230                4.71                    
304115265       20070314    209                4.63                    
304115265       20080401    247                4.77                    
304115265       20090426    312                4.97                    
304115265       20100312    215                4.64                    
304115265       20110428    215                4.64                    
304115265       20120811    224                4.70                    
304115265       20130418    330                5.02                    
304115265       20140707    536                5.49                    
304115265       20150410    192                4.56                    
304115265       20160401    220                4.66                    
304115265       20170618    197                4.63                    
304115265       20180221    325                5.16                    
304115265       20190315    384                5.31                    
