Z04122500                       USGS 
H04122500       4356420861643002626105SW04060101681            597.47           
N04122500       PERE MARQUETTE RIVER AT SCOTTVILLE, MI
Y04122500       
304122500       19400405   1140                4.7523                   
304122500       19410421   1260                4.9723                   
304122500       19420319   1900                5.963                   
304122500       19430327   1960                6.0023                   
304122500       19440301   1080                4.072                   
304122500       19450605   2400                5.84                    
304122500       19460309   1700                6.351                   
304122500       19470408   2030                5.50                    
304122500       19480322   2300                5.79                    
304122500       19490331   1150                4.102                   
304122500       19500404   2170                5.58                    
304122500       19510428   1480                4.74                    
304122500       19520403   1470                4.702                   
304122500       19530505   1320                4.442                   
304122500       19540625   1190                4.182                   
304122500       19541006   1410                4.60                    
304122500       19560406   2550                6.00                    
304122500       19570317    825                3.402                   
304122500       19580303    785                3.302                   
304122500       19590404   2740                5.84                    
304122500       19600402   2300                5.47                    
304122500       19601119   1340                4.31                    
304122500       19620401   1640                4.82                    
304122500       19630329   2290                5.64                    
304122500       19640504   1290                4.232                   
304122500       19650414   2150                5.33                    
304122500       19660213   1950                5.62                    
304122500       19661211   2410                5.79                    
304122500       19680204   1660                4.772                   
304122500       19690701   2970                6.26                    
304122500       19700605   1520                4.452                   
304122500       19710415   2220                5.44                    
304122500       19720329   1240                4.002                   
304122500       19730122   1670                4.682                   
304122500       19740417   2410                6.26                    
304122500       19750904   2920                6.16                    
304122500       19760307   2940                6.18                    
304122500       19770315   2740                5.39                    
304122500       19780409   1950                4.782                   
304122500       19790402   2850                5.75                    
304122500       19800412   1510                4.232                   
304122500       19810225   1890                4.712                   
304122500       19820419   2880                5.78                    
304122500       19821206   2420                5.30                    
304122500       19840217   1920                4.74                    
304122500       19850223   2160                5.292                   
304122500       19860913   6440                8.07                    
304122500       19870310   1240                3.812                   
304122500       19880406   1630                4.452                   
304122500       19890330   3110                5.92                    
304122500       19900315   2220                5.23                    
304122500       19910418   2110                4.95                    
304122500       19911028   2220                5.29                    
304122500       19930422   2440                5.18                    
304122500       19940222   190012              5.951                   
304122500       19950317   1890                4.56                    
304122500       19960620   1840                4.492                   
304122500       19970224   1880                4.682       1997          
304122500       19980403   2250                5.19                    
304122500       19990215   1310                3.852                   
304122500       20000522   1630                4.27                    
304122500       20010415   2210                4.96                    
304122500       20020313   2090                4.81                    
304122500       20030322   1300                3.66                    
304122500       20040308   2910                5.70                    
304122500       20050402   2280                4.992                   
304122500       20060314   2580                5.37                    
304122500       20070325   2600                5.39                    
304122500       20080613   3110                5.81                    
304122500       20090311   2350                5.122                   
304122500       20100315   1770                4.34                    
304122500       20110430   2230                4.86                    
304122500       20120507   2110                4.74                    
304122500       20130413   2740                5.52                    
304122500       20140416   4860                6.83                    
304122500       20150412   2200                4.70                    
304122500       20160403   2380                4.90                    
304122500       20170303   1670                4.052                   
304122500       20180223   2820                5.35                    
304122500       20190318   2630                5.16                    
