Z04124000                       USGS 
H04124000       4426110854155002626165SW04060103857            803.99           
N04124000       MANISTEE RIVER NEAR SHERMAN, MI
Y04124000       
304124000       19040410   2820                6.26                    
304124000       19050401   2900                6.42                    
304124000       19060412   2260                5.20                    
304124000       19070327   2240                5.15                    
304124000       19080411   1910                4.50                    
304124000       19090414   2650                5.95                    
304124000       19100326   1870                4.40                    
304124000       19110524   2520                5.70                    
304124000       19120529   2960                6.50                    
304124000       19130325   3570                7.10                    
304124000       19140330   2120                4.70                    
304124000       19150412   1860                4.22                    
304124000       19160402   3130                6.40                    
304124000       19310411   1590               10.2826                   
304124000       19340412   2550               12.61                    
304124000       19350324   2290               12.216                   
304124000       19360325   1930               11.55                    
304124000       19361228   1850               11.442                   
304124000       19380324   3060               13.65                    
304124000       19390327   1830               11.912                   
304124000       19400409   1600               11.352                   
304124000       19410411   2460               12.95                    
304124000       19420407   2190               12.93                    
304124000       19430403   2840               14.08                    
304124000       19431110   1840               12.152                   
304124000       19450603   2380               13.34                    
304124000       19460317   2340               13.32                    
304124000       19470412   2870               14.21                    
304124000       19480322   1980               12.90                    
304124000       19490330   2070               12.97                    
304124000       19500329   2170               13.182                   
304124000       19510410   2510               13.92                    
304124000       19520414   2360               13.61                    
304124000       19530326   2410               13.78                    
304124000       19540409   3370               14.85                    
304124000       19541004   2870               14.33                    
304124000       19560409   2480               13.912                   
304124000       19570710   2900               15.01                    
304124000       19580407   1770               12.702                   
304124000       19590408   2860               14.87                    
304124000       19600418   3260               15.39                    
304124000       19610915   2340               14.26                    
304124000       19620504   2330               14.02                    
304124000       19630403   2530               14.37                    
304124000       19640409   1820               13.052                   
304124000       19650413   2380               14.12                    
304124000       19660423   1960               13.352                   
304124000       19670403   2360               14.19                    
304124000       19680320   1680               12.872                   
304124000       19690627   2490               14.52                    
304124000       19700409   1940               13.48                    
304124000       19710414   3110               15.29                    
304124000       19720420   2240               13.98                    
304124000       19730315   2070               13.562                   
304124000       19740416   2610               14.70                    
304124000       19750903   2330               14.23                    
304124000       19760329   3430               15.72                    
304124000       19770315   2280               14.15                    
304124000       19780515   2520               14.57                    
304124000       19790401   23101                                       
304124000       19800411   2350               14.27                    
304124000       19810428   1680               12.952                   
304124000       19820421   2770               14.89                    
304124000       19830508   28001                                       
304124000       19840610   1620               13.05                    
304124000       19850330   2450               14.70                    
304124000       19860329   2640               15.09                    
304124000       19861001   2600               15.01                    
304124000       19880407   2480               14.76                    
304124000       19890329   2860               15.52                    
304124000       19900318   3100               15.99                    
304124000       19910410   2190               14.192                   
304124000       19911029   2450               14.472                   
304124000       19930416   2350               14.28                    
304124000       19940709   2230               14.19                    
304124000       19950115   2220               14.15                    
304124000       19960619   2330               14.472                   
304124000       19970408   2320               14.74                    
304124000       19980403   2630               15.25                    
304124000       19990405   1560               13.052                   
304124000       20000227   1770               13.392                   
304124000       20010415   2720               15.30                    
304124000       20020310   2080               14.11                    
304124000       20030419   1760               13.492                   
304124000       20040525   2320               14.86                    
304124000       20050401   2080               14.302                   
304124000       20060314   2340               14.81                    
304124000       20070325   2330               14.78                    
304124000       20080614   3200               16.37                    
304124000       20081228   2440               14.97                    
304124000       20100313   2100               14.302                   
304124000       20110430   2740               15.53                    
304124000       20120316   2300               14.88                    
304124000       20130420   2630               15.39                    
304124000       20140415   3480               16.87                    
304124000       20150617   2500               15.14                    
304124000       20160401   2560               15.33                    
304124000       20170302   2160               14.65                    
304124000       20171027   2700               15.56                    
304124000       20190412   2020                                        
