Z04127918                       USGS 
H04127918       4611090843552002626033SW04070002202            601.50           
N04127918       PINE RIVER AT MACKINAC TRAIL NEAR RUDYARD, MI
Y04127918       
304127918       19730421   2280               10.612                   
304127918       19740610   3560               15.532                   
304127918       19750618   4190               17.62                    
304127918       19760403   3150               14.172                   
304127918       19770413   2090               10.432                   
304127918       19780514   2370               11.492                   
304127918       19790426   3040               13.79                    
304127918       19800409   3910               16.69                    
304127918       19810404   2600               12.35                    
304127918       19820424   2460               11.872                   
304127918       19830414   2380               11.56                    
304127918       19840913   1690                8.532                   
304127918       19850421   4320               18.08                    
304127918       19860330   4500               18.44                    
304127918       19870324   1580                8.37                    
304127918       19880406   3890               15.792                   
304127918       19881106   4200               16.20                    
304127918       19900517   1490                7.582                   
304127918       19910415   2740               12.522                   
304127918       19920422   2510               11.872                   
304127918       19921121   2270               11.042                   
304127918       19940413   2760               12.74                    
304127918       19950428   1700                8.922                   
304127918       19960927   2840               13.04                    
304127918       19970416   2460               11.722                   
304127918       19980401   2200               10.79                    
304127918       19990602   2490               11.802                   
304127918       20000309   1450                8.002                   
304127918       20010412   3450               14.692                   
304127918       20011014   2540               12.03                    
304127918       20030420   1950                9.912                   
304127918       20031123   2040               10.232                   
304127918       20050407   2360               11.382                   
304127918       20060331   17002              11.871                   
304127918       20061213   2180               10.522                   
304127918       20080417   1680                8.462                   
304127918       20090422   13102               7.3925                   
304127918       20100924   4530               17.75                    
304127918       20110410   2670               12.18                    
