Z04127997                       USGS 
H04127997       4516280843600002626031SW04070004192            770              
N04127997       STURGEON RIVER AT WOLVERINE, MI
Y04127997       
304127997       19430401    919                5.453                   
304127997       19431107    494                3.643                   
304127997       19450317    652                4.243                   
304127997       19451103    558                3.903                   
304127997       19470412    558                3.893                   
304127997       19480322    760                4.243                   
304127997       19490328    5501                                       
304127997       19500328    498                3.533                   
304127997       19510426    585                3.673                   
304127997       19520414    620                3.883                   
304127997       19530324    638                3.953                   
304127997       19540427    812                4.433                   
304127997       19541016    638                3.953                   
304127997       19560403    725                4.203                   
304127997       19570425    3901                                       
304127997       19571116    3101                                       
304127997       19590419    771                3.5936                   
304127997       19600418   1010                3.863                   
304127997       19610914   1180                4.483                   
304127997       19611001    575                3.373                   
304127997       19630509    990                3.803                   
304127997       19640418    525                3.023                   
304127997       19650412    946                3.663                   
304127997       19660210    610                3.073                   
304127997       19670401    766                3.243                   
304127997       19680320    562                2.8223                   
304127997       19690729    732                3.163                   
304127997       19700924    725                3.153                   
304127997       19710413    728                3.043                   
304127997       19720929   1290                3.723                   
304127997       19730119    634                2.763                   
304127997       19740414    868                3.123                   
304127997       19750419    838                3.233                   
304127997       19760327    815                3.113                   
304127997       19770329    735                2.933                   
304127997       19780411    610                2.783                   
304127997       19790331    886                3.313                   
304127997       19800409    705                2.973                   
304127997       19810404    485                2.5823                   
304127997       19820417    610                2.783                   
304127997       19830507    862                3.273                   
304127997       19831014    565                2.6523                   
304127997       19841229    750                3.063                   
304127997       19860326    775                3.083                   
304127997       19861003    570                2.693                   
304127997       19880404    772                2.983                   
304127997       19890328    847                3.103                   
304127997       19900316    936                3.233                   
304127997       19910328    834                3.043                   
304127997       19911025    847                3.103                   
304127997       19930914    684                2.843                   
304127997       19940414    557                2.6123                   
304127997       19950817    765                5.136                   
304127997       19960814    544                4.392                   
304127997       19970501    779                4.862       1997          
304127997       19980401    933                5.24                    
304127997       19990612    863                5.072                   
304127997       20000226    522                4.562                   
304127997       20010412    730                4.802                   
304127997       20020531    584                4.32                    
304127997       20030711    487                4.022                   
304127997       20040524    723                5.002                   
304127997       20050819    548                4.212                   
304127997       20060403    535                4.17                    
304127997       20070326    506                4.052                   
304127997       20080409    585                4.302                   
304127997       20081228    541                4.162                   
304127997       20100612    619                4.40                    
304127997       20110427    937                5.182                   
304127997       20120619    622                4.35                    
304127997       20121014    622                4.262                   
304127997       20140414   1070                5.542                   
304127997       20141124    656                4.512                   
304127997       20160331    800                4.86                    
304127997       20170416    618                4.35                    
304127997       20171024    908                5.16                    
304127997       20190418    710                                        
