Z04161580                       USGS 
H04161580       4248030830525002626099SW0409000325.6           861.64           
N04161580       STONY CREEK NEAR ROMEO, MI
Y04161580       
304161580       19650210    225                4.56                    
304161580       19660323   52.0                2.69                    
304161580       19670418    103                3.32                    
304161580       19680201    229                4.53                    
304161580       19690130    1482                                       
304161580       19700405   54.0                2.71                    
304161580       19710317    123                3.41                    
304161580       19720314   86.0                3.13                    
304161580       19730102    163                3.97                    
304161580       19740305    2462                                       
304161580       19750419    290                5.19                    
304161580       19760223    175                4.23                    
304161580       19770304   79.0                3.27                    
304161580       19780325    137                3.99                    
304161580       19790415   89.0                3.49                    
304161580       19800317    151                4.02                    
304161580       19810224    101                3.59                    
304161580       19820331    130                3.98                    
304161580       19830502   98.0                3.57                    
304161580       19840321   92.0                3.41                    
304161580       19850224    189                4.252                   
304161580       19860310    111                3.62                    
304161580       19870725   77.0                3.20                    
304161580       19871221   67.0                2.96                    
304161580       19890609    126                3.75                    
304161580       19900313    105                3.34                    
304161580       19910526   89.0                3.16                    
304161580       19920425   63.0                2.82                    
304161580       19930401    113                3.55                    
304161580       19940306   94.0                3.32                    
304161580       19950314   70.0                2.92                    
304161580       19960619    220                4.44                    
304161580       19970329    128                3.60                    
304161580       19980218    118                3.61                    
304161580       19990701   86.0                3.13                    
304161580       20000923    158                3.90                    
304161580       20010211    150                3.812                   
304161580       20011016   75.0                2.96                    
304161580       20030405   84.0                3.082                   
304161580       20040523    271                4.82                    
304161580       20050114   90.0                3.172                   
304161580       20060310    106                3.36                    
304161580       20070314    102                3.32                    
304161580       20080914    160                3.92                    
304161580       20090428    144                3.77                    
304161580       20100314   98.0                3.28                    
304161580       20110520    145                3.82                    
304161580       20120505    109                3.47                    
304161580       20130419    108                3.46                    
