Z04296000                       USGS 
H04296000       4452080721614005033019SW04150500122            710.00           
N04296000       BLACK RIVER AT COVENTRY, VT
Y04296000       
304296000       19520601   2010                6.33                    
304296000       19530326   1860                6.202                   
304296000       19540408   2220                6.50                    
304296000       19550416   2530                6.73                    
304296000       19560430   1750                6.092                   
304296000       19570123   1530                5.832                   
304296000       19580419   2620                6.79                    
304296000       19590406   1930                6.26                    
304296000       19591128   3010                7.20                    
304296000       19610426   1570                5.85                    
304296000       19620408   2360                6.66                    
304296000       19630404   2320                6.63                    
304296000       19640415   2410                6.71                    
304296000       19650925   1040                5.112                   
304296000       19660325   14002               6.511                   
304296000       19670403   1980                6.32                    
304296000       19680324   2320                6.63                    
304296000       19690416   2580                6.86                    
304296000       19700418   3110                7.28                    
304296000       19710504   1790                6.23                    
304296000       19720505   2950                7.33                    
304296000       19730630   3650                7.85                    
304296000       19740404   1840                6.29                    
304296000       19750420   2190                6.66                    
304296000       19760402   3740                7.91                    
304296000       19770331   1830                6.282                   
304296000       19780619   1790                6.24                    
304296000       19790326   2350                6.81                    
304296000       19800413    997                5.132                   
304296000       19810225   14502                                       
304296000       19820418   3210                7.53                    
304296000       19830320   1380                5.72                    
304296000       19831214   1570                5.99                    
304296000       19841229   1500                5.88                    
304296000       19860330   2920                7.33                    
304296000       19870401   1840                6.34                    
304296000       19880331   1490                5.882                   
304296000       19890329   2510                7.181                   
304296000       19900317   2170                6.73                    
304296000       19901024   1950                6.48                    
304296000       19920423   2080                6.63                    
304296000       19930331   1960                6.49                    
304296000       19940416   3330                7.62                    
304296000       19950808   1200                5.46                    
304296000       19960119   2450                6.98                    
304296000       19970716   2550                6.77                    
304296000       19980331   3510                7.47                    
304296000       19990404   1410                5.55                    
304296000       20000405   1630                5.852                   
304296000       20010424   2630                6.84                    
304296000       20020612   3680                7.89                    
304296000       20030330   1900                6.25                    
304296000       20040831   2770                7.11                    
304296000       20050403   1830                6.17                    
304296000       20060520   2310                6.68                    
304296000       20070516   1720                6.04                    
304296000       20080413   2400                6.77                    
304296000       20090509   1360                5.58                    
304296000       20100323   1670                5.98                    
304296000       20110829   4070                8.20                    
304296000       20120530   1280                5.472                   
304296000       20130526   2520                6.88                    
304296000       20140415   3590                7.54                    
304296000       20150613   2200                6.39                    
304296000       20160225   2640                6.80                    
304296000       20170226   23702               6.671                   
304296000       20180112   18102                                       
304296000       20190420   2640                6.80                    
