Z05062500                       USGS 
H05062500       4715560961451002727107SW09020108934            1008.16          
N05062500       WILD RICE RIVER AT TWIN VALLEY, MN
Y05062500       
305062500       19090722   9200               20.00                    
305062500       19100426   1610                9.60                    
305062500       19110422    473                6.70                    
305062500       19120512    758                7.55                    
305062500       19130402   1610                9.60                    
305062500       19140610   1120                8.50                    
305062500       19150629   22401                                       
305062500       19160601   1670                9.70                    
305062500       19170403    719                7.50                    
305062500       19310521    112                1.912                   
305062500       19320409    358                3.591                   
305062500       19330523    450                3.27                    
305062500       19340412    266                2.60                    
305062500       19350714    2161               3.072                   
305062500       19360414   2490                9.27                    
305062500       19370503    301                3.32                    
305062500       19380512    836                5.82                    
305062500       19390330    459                4.441                   
305062500       19400409   1100                7.281                   
305062500       19410403    828                6.111                   
305062500       19420503   1550                8.15                    
305062500       19430604   4120               11.74                    
305062500       19440708   1560                7.86                    
305062500       19450402   1520                8.152                   
305062500       19460324   1490                7.602                   
305062500       19470415   2510                9.47                    
305062500       19480409    916                5.652                   
305062500       19490708   1610                7.94                    
305062500       19500626   4380               12.02                    
305062500       19510409   1820                8.312                   
305062500       19520408   1810                8.27                    
305062500       19530704   1170                6.44                    
305062500       19540410   1390                7.09                    
305062500       19550404    927                5.57                    
305062500       19560412   1380                6.99                    
305062500       19570421    814                5.17                    
305062500       19580707    294                3.002                   
305062500       19590506    451                3.732                   
305062500       19600415    716                4.802                   
305062500       19610517    847                5.29                    
305062500       19620609   2760                9.83                    
305062500       19630530   1680                8.00                    
305062500       19640417   1640                7.68                    
305062500       19650412   3160               10.48                    
305062500       19660402   2120                8.902                   
305062500       19670401   1710                9.092                   
305062500       19680330    594                4.332                   
305062500       19690410   4850               11.832                   
305062500       19700430   1740                7.972                   
305062500       19710410   1060                6.012                   
305062500       19720321   2220                9.662                   
305062500       19730904   1670                7.75                    
305062500       19740412   3890               11.03                    
305062500       19750701   3660               11.29                    
305062500       19760329   1250                7.1012                   
305062500       19770421    146                2.292                   
305062500       19780407   6470               13.64        1909          
305062500       19790418   6010               12.93                    
305062500       19800403   1080                6.082                   
305062500       19810906    295                3.45                    
305062500       19820419   1200                6.512                   
305062500       19830307    635                6.44                    
305062500       19840611   1370                6.96                    
305062500       19850513   4100               11.42                    
305062500       19860513   1960                8.382                   
305062500       19870724   1280                6.912                   
305062500       19880405    711                6.28                    
305062500       19890405   5260               13.651                   
305062500       19900403   1090                6.31                    
305062500       19910506    682                4.96                    
305062500       19920825    791                5.572                   
305062500       19930728   3980               11.74                    
305062500       19940621   1810                8.37                    
305062500       19950315   2500               10.941                   
305062500       19960414   37002                                       
305062500       19970406  10000               15.91                    
305062500       19980621   3020               10.37                    
305062500       19990514   2480                9.32                    
305062500       20000622   5340               12.52                    
305062500       20010408   5250               12.242                   
305062500       20020624  20300               17.96                    
305062500       20030626   1400                6.74                    
305062500       20040328   25001               8.35                    
305062500       20041101   3140                9.45                    
305062500       20060331   5400               13.12                    
305062500       20070615   3700                9.55                    
305062500       20080912   1770                6.96                    
305062500       20090325   670012                                      
305062500       20100314   400012                                      
305062500       20110411   3910                9.78                    
305062500       20120319    706                4.122                   
305062500       20130428   5390               11.94                    
305062500       20140616   2600                7.662                   
305062500       20150603   1070                4.73                    
305062500       20160829   1190                5.28                    
305062500       20170221   29502               9.751                   
305062500       20180618    976                4.96                    
305062500       20190408   5080               11.40                    
