Z05087500                       USGS 
H05087500       4820250964858002727089SW09020309255            829.93           
N05087500       MIDDLE RIVER AT ARGYLE, MN
Y05087500       
305087500       19450330    9397              10.80                    
305087500       195004     2790Bd             15.25Bd                   
305087500       19510409   1220               11.75                    
305087500       19520411    612                9.89                    
305087500       19530331    112                6.6512                   
305087500       19540618    128                4.5612                   
305087500       19550609    527                9.87                    
305087500       19560711   1390               13.18                    
305087500       19570907    734               10.73                    
305087500       19580709    846               11.38                    
305087500       19590405    570               11.232                   
305087500       19600410    903               12.601                   
305087500       19610327    135                6.771                   
305087500       19620612   1620               14.121                   
305087500       19630411    825               11.28                    
305087500       19640622    900               12.40                    
305087500       19650412   2590               15.29                    
305087500       19660403   1820               16.00                    
305087500       19670423   1320               13.412                   
305087500       19680720   1120               12.87                    
305087500       19690411   2530               15.921                   
305087500       19700531   2200               14.82                    
305087500       19710409    773               11.74                    
305087500       19720417    729               10.12                    
305087500       19730315   93.0                5.102                   
305087500       19740423   2070               14.65                    
305087500       19750703   4260               16.59                    
305087500       19760403    631               10.21                    
305087500       19770528   24.0                2.502                   
305087500       19780410   1320               14.451                   
305087500       19790420   2140               15.29                    
305087500       19800409    357                6.912                   
305087500       19810703    107                3.97                    
305087500       19820418    711                9.96                    
305087500       19830309   1020               14.171                   
305087500       19840612    513                9.102                   
305087500       19850629    939               12.58                    
305087500       19860331   1040               13.43                    
305087500       19870328    550               11.78                    
305087500       19880601    357                7.21                    
305087500       19890418   1550               15.251                   
305087500       19900404   60.0                4.8612                   
305087500       19910708   87.0                4.542                   
305087500       19920309    350                9.871                   
305087500       19930903   1180               14.18                    
305087500       19940919    707               11.30                    
305087500       19950316   1300               14.22                    
305087500       19960519   5020               18.27                    
305087500       19970419   4330               17.96                    
305087500       19980628   1300               14.262                   
305087500       19990408   2370               15.602                   
305087500       20000624    935               12.502                   
305087500       20010409   2290               15.59                    
305087500       20020612   2730               16.16                    
305087500       20030615    327                7.38                    
305087500       20040515   2090               14.91                    
305087500       20050821   2500               15.73                    
305087500       20060402   3500               17.52                    
305087500       20070620    587                9.242                   
305087500       20080407    14412              6.55                    
305087500       20090630   1880               14.982                   
305087500       20100927   1620               14.74                    
305087500       20110405   1580               14.29                    
305087500       20120315    391                8.68                    
305087500       20130429   1380               14.29                    
305087500       20140414   140012                                      
305087500       20150707    701               10.90                    
305087500       20160316    693               10.45                    
305087500       20170331   14902              14.651                   
305087500       20180422   1950               15.15                    
305087500       20190411   16602              15.80                    
