Z05131500                       USGS 
H05131500       4823450933257002727071SW090300051700           1083.59          
N05131500       LITTLE FORK RIVER AT LITTLEFORK, MN
Y05131500       
305131500       19100419   5000               15.60                    
305131500       19110418   3760               15.461                   
305131500       19120513   3310               12.902                   
305131500       19130416   6420               18.30                    
305131500       19140504   6720               18.70                    
305131500       19150629  10000               22.60                    
305131500       19160418  25000               37.00                    
305131500       19170423   4580               16.416                   
305131500       19290408   4220               21.701                   
305131500       19300513   7180               19.30                    
305131500       19310615   4030               14.50                    
305131500       19320417   6720               18.70                    
305131500       19330419   8140               25.041                   
305131500       19340506   6880               18.90                    
305131500       19350501   8080               20.502                   
305131500       19360420   9090               23.302                   
305131500       19370428  17500               31.726                   
305131500       19380508  18300               31.63                    
305131500       19390422   550012                                      
305131500       19400502  13300               28.62                    
305131500       19410609  14700               28.29                    
305131500       19420504   7360               19.78                    
305131500       19430605  10600               23.812                   
305131500       19440607  10500               23.70                    
305131500       19450325  10300               27.582                   
305131500       19460326   7600               23.202                   
305131500       19470504  11200               24.44                    
305131500       19480418  14500               30.562                   
305131500       19490413   9200               22.13                    
305131500       19500511  25000               37.00                    
305131500       19510501  14400               27.95                    
305131500       19520417  10300               23.36                    
305131500       19530617   6930               19.18                    
305131500       19540419  16700               30.30                    
305131500       19550411   7740               20.15                    
305131500       19560421   9410               22.362                   
305131500       19570424  15600               29.21                    
305131500       19580705   3160               13.12                    
305131500       19590710   5140               16.54                    
305131500       19600417   8500               22.721                   
305131500       19610423   9120               22.00                    
305131500       19620710  13500               27.05                    
305131500       19630404   8790               24.941                   
305131500       19640509  11600               24.84                    
305131500       19650422  11400               25.052                   
305131500       19660419  14700               28.33                    
305131500       19670408   6880               19.122                   
305131500       19680610   5790               18.511                   
305131500       19690417  20600               32.61                    
305131500       19700614  17300               31.081                   
305131500       19710420  15000               28.492                   
305131500       19720421  13700               30.052                   
305131500       19730423   3760               13.742                   
305131500       19740608  14700               28.13                    
305131500       19750430  17300               30.33                    
305131500       19760407   9600               23.971                   
305131500       19770911   8990               21.49                    
305131500       19780601  11400               24.332                   
305131500       19790425  20600               32.596                   
305131500       19791102   5600                8.262                   
305131500       19810630   6160                8.99                    
305131500       19820420  12800               18.091                   
305131500       19821011   5600                8.352                   
305131500       19840610   9590               12.84                    
305131500       19850426  19900               22.25                    
305131500       19860430   9350               12.562                   
305131500       19870524   6520                9.46                    
305131500       19880922  11800               15.11                    
305131500       19890421  13700               17.042                   
305131500       19900606   5480                8.26                    
305131500       19910706   5550                8.45                    
305131500       19920422   4690                7.392                   
305131500       19930708   6580                9.15                    
305131500       19940630   6900                9.88                    
305131500       19950512   3040                5.932                   
305131500       19960423  143001                                       
305131500       19970409  124001                                       
305131500       19980517   4370                7.10                    
305131500       19990409  1200012             19.791                   
305131500       20000512   3590                6.37                    
305131500       20010414  19600               22.48                    
305131500       20020626   7690               11.64                    
305131500       20030423   2190                5.24                    
305131500       20040602   6880                9.382                   
305131500       20050407  13800               16.892                   
305131500       20060406  10600               20.06                    
305131500       20070425   3690                6.45                    
305131500       20080426  11500               14.59                    
305131500       20090418   9220               12.202                   
305131500       20100707   3720                6.48                    
305131500       20110413  17600               20.572                   
305131500       20120530   7020                9.84                    
305131500       20130503  16800               19.82                    
305131500       20140616  1200012                                      
305131500       20150520   6740                9.56                    
305131500       20160427   82408              11.162                   
305131500       20170403   94902              18.9412                   
305131500       20180713  10100               13.12                    
305131500       20190409  11500               14.62                    
