Z05362000                       USGS 
H05362000       4518290905723005555107SW07050004576            1092.71          
N05362000       JUMP RIVER AT SHELDON, WI
Y05362000       
305362000       19160422   8800                9.50                    
305362000       19170422   4200                7.00                    
305362000       19180527   7800                9.00                    
305362000       19190411   6660                8.40                    
305362000       19200326  15700               11.50                    
305362000       19210320   7800                9.00                    
305362000       19220410   8600                9.40                    
305362000       19230421  13300               10.70                    
305362000       19240425   7660                8.70                    
305362000       19250614   4200                7.00                    
305362000       19260919   7470                8.60                    
305362000       19270316  11500               10.10                    
305362000       19280326   9800                9.50                    
305362000       19290318   7720                8.70                    
305362000       19300614   9260                9.30                    
305362000       19310621   5390                7.70                    
305362000       19320408  1040029              9.701                   
305362000       19330502   8220                8.90                    
305362000       19340408   6650                8.40                    
305362000       19350323  10800                9.90                    
305362000       19360507  10800                9.90                    
305362000       19370414   4490                7.40                    
305362000       19380910  11700               10.20                    
305362000       19381105  15200               11.28                    
305362000       19400521   6150                8.26                    
305362000       19410831  46000               18.80                    
305362000       19420918  14900               12.80                    
305362000       19430627  11000               11.70                    
305362000       19440605   6900               10.16                    
305362000       19450319   6920                9.60                    
305362000       19460625  17200               12.90                    
305362000       19470406   7430                9.89                    
305362000       19480327   4250                8.40                    
305362000       19490706   5450                9.00                    
305362000       19500418  12000               11.50                    
305362000       19510412  11900               11.57                    
305362000       19520409   8350               10.50                    
305362000       19530323   7600               10.20                    
305362000       19540501  11100               11.40                    
305362000       19550403   6260                9.58                    
305362000       19560406   8090               10.40                    
305362000       19570326   200029              7.801                   
305362000       19580702   5830                9.35                    
305362000       19590928   6700                9.95                    
305362000       19600506   7300               10.10                    
305362000       19610328   850029                                      
305362000       19620514   53502               9.25                    
305362000       19630329   3800                8.20                    
305362000       19640423   2540                7.40                    
305362000       19650413  11400               11.59                    
305362000       19660319   870029             15.001                   
305362000       19670401  20900               14.14                    
305362000       19680517  13100               12.16                    
305362000       19690408   9330               10.91                    
305362000       19700409   5170                9.15                    
305362000       19710412  12600               12.00                    
305362000       19720419  10700               11.38                    
305362000       19730315  13100               12.17                    
305362000       19740611   6580                9.81                    
305362000       19750418   9250               10.98                    
305362000       19760331  10800               11.552                   
305362000       19770925   3820                8.35                    
305362000       19780407   4920                9.02                    
305362000       19790419   5330                9.252                   
305362000       19800922   5380                9.28                    
305362000       19810404   9120               10.93                    
305362000       19820417  13500               12.35                    
305362000       19830307  10600               11.45                    
305362000       19831124   4990                9.08                    
305362000       19850329   7100               10.14                    
305362000       19860401  14000               12.47                    
305362000       19861013   7370               10.25                    
305362000       19880404   2530                7.222                   
305362000       19890329   3500                8.042                   
305362000       19900315   6430                9.832                   
305362000       19910324   6390                9.812                   
305362000       19911102  10900               11.532                   
305362000       19930621  16400               13.20                    
305362000       19940916  14300               12.61                    
305362000       19950814   7320               10.142                   
305362000       19960420  13500               12.38                    
305362000       19970405  11300               11.47                    
305362000       19980330   8770               10.61                    
305362000       19990508   4950                8.81                    
305362000       20000621   7200                9.94                    
305362000       20010413   9870               11.04                    
305362000       20020412  15300               12.85                    
305362000       20030512  11800               11.50                    
305362000       20040329  10600               11.19                    
305362000       20050331   7070                9.882                   
305362000       20060401   7470               10.06                    
305362000       20070402   3890                8.07                    
305362000       20080407   6570                9.39                    
305362000       20090428   4090                8.00                    
305362000       20100924  12100               11.83                    
305362000       20110803   7800               10.11                    
305362000       20120315   6590                9.382                   
305362000       20130622   7540                9.992                   
305362000       20140411  10200               11.12                    
305362000       20150528   3240                7.602                   
305362000       20160317  10600               11.25                    
305362000       20170518  12600               11.99                    
305362000       20180618  10300               11.15                    
