Z05393500                       USGS 
H05393500       4526570895845005555069SW0707000181.6           1461.64          
N05393500       SPIRIT RIVER AT SPIRIT FALLS, WI
Y05393500       
305393500       19420918   4180               10.00                    
305393500       19430331   1850                6.80                    
305393500       19440513   1290                5.80                    
305393500       19450318   2200                7.18                    
305393500       19460317   3540                9.14                    
305393500       19470406   1510                6.08                    
305393500       19480327    624                4.30                    
305393500       19490330   1630                6.30                    
305393500       19500418   2140                7.10                    
305393500       19510412   1570                6.22                    
305393500       19520418   1700                6.37                    
305393500       19530620   1820                6.64                    
305393500       19540503   1210                5.60                    
305393500       19541015   1510                6.10                    
305393500       19560406   1600                7.301                   
305393500       19570515    478                3.90                    
305393500       19580705    710                4.53                    
305393500       19590927   1520                6.50                    
305393500       19600413   1290                6.10                    
305393500       19610328   1200                6.871                   
305393500       19620514   1080                5.67                    
305393500       19630403    672                4.70                    
305393500       19640506    394                3.80                    
305393500       19650414   15002               8.871                   
305393500       19660318   20002               7.591                   
305393500       19670402   2960                7.91                    
305393500       19680516   1840                6.62                    
305393500       19690410   1770                6.542                   
305393500       19700409    5001               6.251                   
305393500       19710412   21501               7.20                    
305393500       19720418   1750                6.52                    
305393500       19730502   2290                7.20                    
305393500       19740413   1190                5.70                    
305393500       19750423   2110                6.98                    
305393500       19760330   1910                6.692                   
305393500       19770422    736                4.69                    
305393500       19780530   2190                6.97                    
305393500       19790617   1730                6.46                    
305393500       19800921   1890                6.66                    
305393500       19810629   1490                6.15                    
305393500       19820417   1830                6.59                    
305393500       19830307   2110                6.94                    
305393500       19831124   1140                5.53                    
305393500       19850909   1860                6.632                   
305393500       19860927   2970                7.87                    
305393500       19861012   1420                6.04                    
305393500       19880404    664                4.512                   
305393500       19890525   1660                6.11                    
305393500       19900613   1650                6.10                    
305393500       19910327   1340                5.622                   
305393500       19911102   2470                7.14                    
305393500       19930620   2730                7.43                    
305393500       19940915   3990                8.66                    
305393500       19950829   1620                6.05                    
305393500       19960420   3130                7.85                    
305393500       19970406   2660                7.362                   
305393500       19980330   1500                5.88                    
305393500       19990508   1060                5.15                    
305393500       20000621   1370                5.68                    
305393500       20010412   2310                6.95                    
305393500       20020412   3030                7.752                   
305393500       20030512   1980                6.54                    
305393500       20040329   150019                                      
305393500       20060331   1870                6.402                   
305393500       20070401    801                4.642                   
305393500       20080419   1450                5.94                    
305393500       20090428    700                4.56                    
305393500       20100924   2650                7.212                   
305393500       20110411   2830                7.352                   
305393500       20120315   1230                5.442                   
305393500       20130427   1420                5.73                    
305393500       20140411   1500                5.852                   
305393500       20150411    687                4.432                   
305393500       20160316   2900                7.64                    
305393500       20170518   2990                7.95                    
305393500       20180425   1480                5.93                    
