Z05412500                       USGS 
H05412500       4244240911542001919043SW070600041545           634.46           
N05412500       Turkey River at Garber, IA
Y05412500       
305412500       19020518  2500027             23.70                    
305412500       19140615   8960               13.20                    
305412500       19150804  10900               14.70                    
305412500       19160602  20300               22.00                    
305412500       19190604  13100               16.80                    
305412500       19200312  11000               15.10                    
305412500       19210531  10400               14.50                    
305412500       19220223  32300               28.06        1890          
305412500       19230403  25200               24.20                    
305412500       19240721  14600               17.40                    
305412500       19250615  26200               24.70                    
305412500       19260820   7130               12.00                    
305412500       19261003  13700               16.80                    
305412500       19300613  145002                                       
305412500       19330330  20600               22.50                    
305412500       19340122   6230               11.50                    
305412500       19350304  17100               19.90                    
305412500       19360311  150002              20.701                   
305412500       19370306  18900               20.80                    
305412500       19380913  19600               21.10                    
305412500       19390314   92002              19.131                   
305412500       19400727  26100               25.30                    
305412500       19410612  22100               23.30                    
305412500       19420630  12000               17.50                    
305412500       19430316  17600               21.00                    
305412500       19440616  16900               20.60                    
305412500       19450602  13000               18.20                    
305412500       19460105  24100               24.30                    
305412500       19470613  29000               26.60                    
305412500       19480319  19000               21.702                   
305412500       19490304  16800               20.50                    
305412500       19500307  23700               23.70                    
305412500       19510328  21900               22.79                    
305412500       19520401   9840               15.88                    
305412500       19530727  16900               20.62                    
305412500       19540621  16400               19.94                    
305412500       19550603   9840               15.32                    
305412500       19560328  12300               17.00                    
305412500       19570618   7320               14.20                    
305412500       19580531  12100               17.61                    
305412500       19590326  17000               21.06                    
305412500       19600330  20000               22.96                    
305412500       19610326  19700               22.84                    
305412500       19620329  24500               24.70                    
305412500       19630317  16300               20.69                    
305412500       19640403  10800               17.00                    
305412500       19650401  13800               19.152                   
305412500       19660209  24800               24.80                    
305412500       19670124  18900               22.18                    
305412500       19680808  10500               17.02                    
305412500       19690629  19600               22.50                    
305412500       19700808  11200               17.32                    
305412500       19710620  16500               20.81                    
305412500       19720928  16300               21.41                    
305412500       19730416  19600               22.88                    
305412500       19740621  15700               21.08                    
305412500       19750324  16700               20.932                   
305412500       19760312  18300               22.18                    
305412500       19770816   8320               15.52                    
305412500       19780513   8250               15.46                    
305412500       19790319  26000               25.59                    
305412500       19800116  110002              17.7712                   
305412500       19810802  20500               23.29                    
305412500       19820316  15500               20.65                    
305412500       19821112  13300               19.37                    
305412500       19840430  11400               18.50                    
305412500       19850224  12300               19.11                    
305412500       19860319  19400               22.47                    
305412500       19861014   7390               15.37                    
305412500       19880309   34002              12.831                   
305412500       19890312   99002              17.821                   
305412500       19900827  23000               24.63                    
305412500       19910615  49900               30.10                    
305412500       19920421  11400               18.17                    
305412500       19930331  19400               22.94                    
305412500       19940623   9700               16.982                   
305412500       19950413   5230               13.35                    
305412500       19960617  10100               17.35                    
305412500       19970310   7490               15.452                   
305412500       19980401  15500               20.52                    
305412500       19990517  53900               30.91                    
305412500       20000615   9610               16.94                    
305412500       20010413   9800               16.67                    
305412500       20020604  13800               19.60                    
305412500       20030511  10300               17.21                    
305412500       20040523  66700               32.80                    
305412500       20050215   7750               14.432                   
305412500       20060418   5820               12.80                    
305412500       20070314  13300               18.51                    
305412500       20080610  45500               29.13                    
305412500       20090427  11500               17.32                    
305412500       20100723  24800               24.20                    
305412500       20110323  11400               16.85                    
305412500       20120422   4090               10.97                    
305412500       20130622  36400               27.18                    
305412500       20140621  26800               24.78                    
305412500       20150310   54402              14.37                    
305412500       20160923  29800               25.60                    
305412500       20170722  23700               23.75                    
305412500       20180920  29200               24.47                    
305412500       20190315  35600               25.60                    
