Z05454000                       USGS 
H05454000       4142000912915001919103SW0708020925.3           673.72           
N05454000       Rapid Creek near Iowa City, IA
Y05454000       
305454000       19380124    868               10.30                    
305454000       19390312   18002              12.051                   
305454000       19400317    372                8.52                    
305454000       19410627   3710               12.54                    
305454000       19411022   2090               11.32                    
305454000       19430601   2200               11.48                    
305454000       19440520   3890               12.66                    
305454000       19450601    398                7.66                    
305454000       19460105   25302              11.241                   
305454000       19470630   1390               10.72                    
305454000       19480721   2180               11.17                    
305454000       19490224   12002              11.101                   
305454000       19500701   2780               12.45                    
305454000       19510225   1460               11.25                    
305454000       19520523   1220               10.94                    
305454000       19530220   3800               13.05                    
305454000       19540826    216                6.17                    
305454000       19550424    750                9.952                   
305454000       19560830   3000               12.48                    
305454000       19570828    326                7.60                    
305454000       19580613    509                9.15                    
305454000       19590319   23002              12.511                   
305454000       19600329   2340               12.04                    
305454000       19601115   1450               11.26                    
305454000       19620714   5200               13.64                    
305454000       19630304    8002              10.231                   
305454000       19640622    176                5.82                    
305454000       19650523   6100               14.10                    
305454000       19660523   2190               11.93                    
305454000       19670607   42002              14.421                   
305454000       19671102    404                7.36                    
305454000       19690708   4100               13.10                    
305454000       19700302   2460               12.14                    
305454000       19710219   10002              11.441                   
305454000       19720717   5590               14.93                    
305454000       19730420   1610               11.342                   
305454000       19740529   2220               12.00                    
305454000       19750319    9002              12.191                   
305454000       19760424    184                5.68                    
305454000       19770816   4000               13.85                    
305454000       19780721    679                8.70                    
305454000       19790820   2270               12.04                    
305454000       19800603    741                8.842                   
305454000       19810629   2140               11.86                    
305454000       19820718   2920               12.84                    
305454000       19830628   2290               12.07                    
305454000       19840622    419                7.37                    
305454000       19841018   1620               11.042                   
305454000       19860517   2620               12.50                    
305454000       19870621   2610               12.52                    
305454000       19880119   11802              10.541                   
305454000       19890909    317                6.632                   
305454000       19900820   3480               13.61                    
305454000       19910302    836                9.41                    
305454000       19920716    348                6.92                    
305454000       19930810   6700               15.61                    
305454000       19940804    237                6.012                   
305454000       19950426    488                7.84                    
305454000       19960510   2270               12.40                    
305454000       19970221   18502              12.461                   
305454000       19980629    958                9.93                    
305454000       19990627   2170               12.27                    
305454000       20000614   1430               11.10                    
305454000       20010225    6002              11.221                   
305454000       20020823    434                7.49                    
305454000       20030514    377                7.09                    
305454000       20040305    619                8.59                    
305454000       20050204    426                7.44                    
305454000       20060606    315                6.71                    
305454000       20070622   1530               11.29                    
305454000       20080613   1690               11.56                    
305454000       20090308   1820               11.782                   
305454000       20100619   2290               13.76                    
305454000       20110217    809                9.43                    
305454000       20120504    441                7.52                    
305454000       20130418   3030               13.41                    
305454000       20140712   3960               14.65                    
305454000       20150505   3000               13.38                    
305454000       20160812   5090               14.71                    
305454000       20170721   1270               11.50                    
305454000       20180621   2330               13.65                    
305454000       20190313   26702              13.652                   
