Z05458000                       USGS 
H05458000       4301590923012001919037SW07080201306            973.35           
N05458000       Little Cedar River near Ionia, IA
Y05458000       
305458000       19540622   46007              11.37                    
305458000       19550603   1500                7.54                    
305458000       19560402   1160                6.78                    
305458000       19570723    890                6.19                    
305458000       19580715    632                5.53                    
305458000       19590520   1830                7.302                   
305458000       19600625   2790                9.19                    
305458000       19610327  10800               15.58                    
305458000       19620901   9000               15.14                    
305458000       19630513   3510                9.65                    
305458000       19640910    572                5.15                    
305458000       19650930   7380               13.55                    
305458000       19660209   3610                9.71                    
305458000       19670611   3370                9.82                    
305458000       19680723   2440                8.86                    
305458000       19690630   7770               14.33                    
305458000       19700729   1270                6.93                    
305458000       19710331   2580                8.792                   
305458000       19720930   5260               11.99                    
305458000       19730417   5150               11.59                    
305458000       19740605   9520               15.04                    
305458000       19750429   4180               10.63                    
305458000       19760418   1750                7.632                   
305458000       19770816    350                4.69                    
305458000       19780323   1720                8.57                    
305458000       19790823   3830               10.60                    
305458000       19800601   6250               12.73                    
305458000       19810828   2350                8.65                    
305458000       19820319   2510                8.86                    
305458000       19830307   3770               10.44                    
305458000       19840618   7880               13.94                    
305458000       19850308   1470                7.24                    
305458000       19860319   4590               11.30                    
305458000       19861013   5150               11.91                    
305458000       19880309    3902               5.791                   
305458000       19890312    6502               6.671                   
305458000       19900826   5470               12.88                    
305458000       19910520   2840               10.05                    
305458000       19920311   2220                8.84                    
305458000       19930816  14000               18.99                    
305458000       19940720   2180                8.76                    
305458000       19950413   1080                6.452                   
305458000       19960326    786                6.22                    
305458000       19970312   2800                9.88                    
305458000       19980629   4270               11.33                    
305458000       19990721  12200               17.52                    
305458000       20000615   5040               12.55                    
305458000       20010413   8650               16.00                    
305458000       20020806    479                5.04                    
305458000       20030708   1220                6.342                   
305458000       20040523   7840               15.24                    
305458000       20050421   1740                7.742                   
305458000       20060417   1870                7.51                    
305458000       20070323   3700               10.65                    
305458000       20080609  24700               21.32                    
305458000       20090527   1750                8.14                    
305458000       20100313   5820               13.16                    
305458000       20110324   3690               10.31                    
305458000       20120508   1220                7.33                    
305458000       20130521  16100               18.39                    
305458000       20140619   3730               10.93                    
305458000       20150624   3740               10.382                   
305458000       20160825   9160               15.55                    
305458000       20170722   6280               13.56                    
305458000       20180611   6000               12.69                    
305458000       20190316   6050               12.77                    
