Z05466500                       USGS 
H05466500       4111130905802001717131SW07080104445            529.92           
N05466500       EDWARDS RIVER NEAR NEW BOSTON, IL
Y05466500       
305466500       19350108   3000               18.65                    
305466500       19360227   32002              20.161                   
305466500       19370221   29002              19.741                   
305466500       19380615   2890               18.482                   
305466500       19390312   4680               18.96                    
305466500       19400307   2090               17.53                    
305466500       19410213   1230               15.93                    
305466500       19411010   2100               18.15                    
305466500       19430429   4680               18.972                   
305466500       19440425   3680               19.04                    
305466500       19450517   3840               19.15                    
305466500       19460107   6050               20.17                    
305466500       19470407   5150               19.67                    
305466500       19480301   3920               19.57                    
305466500       19490214   3500               19.402                   
305466500       19500426   7280               20.56                    
305466500       19510512   7280               20.63                    
305466500       19520314   2460               18.61                    
305466500       19530220   1880               17.82                    
305466500       19540603   2050               18.32                    
305466500       19541013   7020               21.46                    
305466500       19560708   2540               18.67                    
305466500       19570406   1000               15.27                    
305466500       19580613   4840               19.652                   
305466500       19590224   35002                                       
305466500       19600401   6250               20.77                    
305466500       19610914   42002                                       
305466500       19611118   37002                                       
305466500       19630305   33002                                       
305466500       19640422   1550               18.00                    
305466500       19650426   6450               20.51                    
305466500       19660524   50002                                       
305466500       19670614   61002                                       
305466500       19671103   1250               17.41                    
305466500       19690123   6130               20.59                    
305466500       19700926   5540               21.02                    
305466500       19710221   60002              21.531                   
305466500       19720615   3830               20.27                    
305466500       19730422  18000               23.33                    
305466500       19740625   7030               22.51                    
305466500       19750318   3460               19.96                    
305466500       19760427   6180               20.87                    
305466500       19770811   1370               18.05                    
305466500       19771104   6180               20.87                    
305466500       19790320   4870               21.20                    
305466500       19800817   4420               20.292                   
305466500       19810414   5860               20.85                    
305466500       19820807   7860               22.222                   
305466500       19830404   6310               21.59                    
305466500       19840610   2420               19.78                    
305466500       19850222   6180               22.15                    
305466500       19860711   4470               21.71                    
305466500       19870828   2580               19.65                    
305466500       19880122   4600               21.40                    
305466500       19890910   3980               20.10                    
305466500       19900620  10300               22.49                    
305466500       19910206   4670               21.42                    
305466500       19920728   2760               20.88                    
305466500       19930816   8590               22.37                    
305466500       19940220   5600               21.67                    
305466500       19950707   3280               21.52                    
305466500       19960528   7180               22.91                    
305466500       19970223   4190               22.07                    
305466500       19980331   3100               21.41                    
305466500       19981021   5560               22.51                    
305466500       20000421   2970               21.30                    
305466500       20010211   5100               22.382                   
305466500       20020515   4300               22.11                    
305466500       20030503   4700               22.52                    
305466500       20040531   6200               22.61                    
305466500       20050114   1630               19.16                    
305466500       20060913   1460               18.74                    
305466500       20070304   35002              22.531                   
305466500       20080914  10300               24.13                    
305466500       20081230   8090               23.70                    
305466500       20100515   7510               23.57                    
305466500       20110529   4830               22.82                    
305466500       20120507   2500               21.25                    
305466500       20130420   8630               23.821                   
305466500       20140313   6280               23.26                    
305466500       20150707   6560               22.92                    
305466500       20151230   2280               20.80                    
305466500       20170119   3690               21.78                    
305466500       20180221   4180               22.02                    
305466500       20190531   8640               23.72                    
