Z05487980                       USGS 
H05487980       4114470931724001919125SW07100008333            762.83           
N05487980       White Breast Creek near Dallas, IA
Y05487980       
305487980       19620611  1200027             28.87        1947          
305487980       19630319   5550               21.40                    
305487980       19640622   4200               19.74                    
305487980       19650317   6640               22.49                    
305487980       19660517   5890               21.24                    
305487980       19670612   5720               20.95                    
305487980       19680423   6940               22.40                    
305487980       19690717   7180               23.91                    
305487980       19700809   7570               23.39                    
305487980       19701009   5640               20.242                   
305487980       19720912   7150               22.75                    
305487980       19730416   8200               24.19                    
305487980       19731011   9430               26.04                    
305487980       19750317   42002              18.371                   
305487980       19760424   7980               23.77                    
305487980       19770826   7140               22.73                    
305487980       19771024   6260               21.27                    
305487980       19790303   5400               19.66                    
305487980       19800619   6570               21.78                    
305487980       19810705  12300               26.61                    
305487980       19820716  37300               33.45        1947          
305487980       19821009  10100               24.49                    
305487980       19840430   6670               20.45                    
305487980       19850304   3720               15.992                   
305487980       19860517   6180               21.34                    
305487980       19870826  10200               24.93                    
305487980       19871129   3260               16.50                    
305487980       19890909   4080               18.24                    
305487980       19900617  15400               25.43                    
305487980       19910427  11400               23.732                   
305487980       19920916  30300               31.57                    
305487980       19930706  25500               30.20                    
305487980       19940304   4910               16.40                    
305487980       19950508   600012                                      
305487980       19960510  11900               24.34                    
305487980       19970507   8470               20.90                    
305487980       19980331   9640               22.19                    
305487980       19990416   5860               17.70                    
305487980       20000625   6390               18.40                    
305487980       20010513   7880               20.22                    
305487980       20020511   4010               15.85                    
305487980       20030625   6740               19.15                    
305487980       20040525   7580               20.21                    
305487980       20050412   8480               21.27                    
305487980       20060828   2030               12.52                    
305487980       20070507  12100               25.11                    
305487980       20080708  16900               28.44                    
305487980       20090427  11200               23.44                    
305487980       20100425  14900               26.07                    
305487980       20110610  11700               23.91                    
305487980       20120415   8270               20.79                    
305487980       20130418  15400               27.61                    
305487980       20140910  12500               25.34                    
305487980       20150625  29700               30.52                    
305487980       20151214   9880               22.83                    
305487980       20170405   5630               17.87                    
305487980       20180701   5520               17.54                    
305487980       20181009  11500               24.48                    
