Z05488200                       USGS 
H05488200       4118020930243001919125SW0710000990.1           721.79           
N05488200       English Creek near Knoxville, IA
Y05488200       
305488200       19820716  280007              30.28                    
305488200       19860517   2270               21.76                    
305488200       19870827   1680               20.00                    
305488200       19871129    986               16.86                    
305488200       19890909   1370               18.74                    
305488200       19900617   2400               21.83                    
305488200       19910419   3220               22.11                    
305488200       19920916   2990               22.81                    
305488200       19930705  18900               27.88                    
305488200       19940623   1780               20.13                    
305488200       19950509   2740               21.90                    
305488200       19960510   3430               21.99                    
305488200       19970508   3030               22.32                    
305488200       19980619   2830               22.46                    
305488200       19990612   2200               20.93                    
305488200       20000625   2100               20.77                    
305488200       20010226   1840               20.28                    
305488200       20020711   1870               19.89                    
305488200       20030626   2740               21.65                    
305488200       20040805   2220               20.72                    
305488200       20050413   1890               19.93                    
305488200       20060828    400               13.28                    
305488200       20070507   6490               24.44                    
305488200       20080708  14000               27.40                    
305488200       20090427   2760               21.94                    
305488200       20100612   5930               24.95                    
305488200       20110610   4610               23.71                    
305488200       20120415   1340               18.39                    
305488200       20130418   5870               24.91                    
305488200       20140911   3230               22.59                    
305488200       20150625  26100               28.65                    
305488200       20151214   2630               21.71                    
305488200       20170416   2330               18.45                    
305488200       20180503   1030               15.08                    
305488200       20181009   7760               24.92                    
