Z05495500                       USGS 
H05495500       4008340912014001717001SW07110001349            504.52           
N05495500       BEAR CREEK NEAR MARCELLINE, IL
Y05495500       
305495500       19440411  16800               23.30                    
305495500       19450326  10300               18.60                    
305495500       19460106   6470               15.06                    
305495500       19470406  120002                                       
305495500       19480320  13400               20.90                    
305495500       19490222   700012                                      
305495500       19500619  12100               20.10                    
305495500       19510722  21200               26.07                    
305495500       19520318   4680               12.98                    
305495500       19530517   2230                9.61                    
305495500       19540601   3030               10.82                    
305495500       19550528  10300               18.65                    
305495500       19551005   4920               13.27                    
305495500       19570611   8470               17.14                    
305495500       19580731   5210               13.66                    
305495500       19590210   7120               15.76                    
305495500       19600701  15700               22.63                    
305495500       19610914  17200               23.60                    
305495500       19620321   8030               16.73                    
305495500       19630304   5400               13.91                    
305495500       19640420   7260               15.94                    
305495500       19650406  11400               19.46                    
305495500       19660312   5640               14.18                    
305495500       19670801  10500               18.76                    
305495500       19680201   3980               12.13                    
305495500       19690708  15000               22.06                    
305495500       19700514  20500               25.14                    
305495500       19710205   20002              12.211                   
305495500       19711216   2870               10.84                    
305495500       19730421  15300               22.04                    
305495500       19740520  18800               24.17                    
305495500       19750328   5560               13.95                    
305495500       19760425   6280               14.75                    
305495500       19770913   6840               15.02                    
305495500       19780411  10300               17.93                    
305495500       19790412   7860               16.14                    
305495500       19800905   6410               14.71                    
305495500       19810705  17600               23.62                    
305495500       19820417  10100               18.15                    
305495500       19821203  17500               23.00                    
305495500       19840609   9320               17.21                    
305495500       19850304  29500               28.38                    
305495500       19851119  12000               18.72                    
305495500       19861003  20700               24.10                    
305495500       19880119   2580                9.38                    
305495500       19890829   2780                9.69                    
305495500       19900614  22100               24.86                    
305495500       19910505  11500               18.22                    
305495500       19920726   7650               15.13                    
305495500       19930701  12700               19.08                    
305495500       19940220   7250               14.83                    
305495500       19950517  16700               19.99                    
305495500       19960508  35500               28.36                    
305495500       19970221  14900               18.99                    
305495500       19980630  17700               20.60                    
305495500       19990416   8470               14.86                    
305495500       20000626   7370               13.88                    
305495500       20010823   8990               15.18                    
305495500       20020512  23700               23.56                    
305495500       20030511   5290               11.98                    
305495500       20031210   9630               15.66                    
305495500       20050113   8830               15.06                    
305495500       20060331   3360                9.87                    
305495500       20070302   35002              14.881                   
305495500       20080603   9980               15.92                    
305495500       20090516  18300               20.41                    
305495500       20100720  14400               18.81                    
305495500       20110614  26600               24.84                    
305495500       20120504   3150                9.17                    
305495500       20130418  35900               28.47                    
305495500       20140911  13400               17.88                    
305495500       20150712  14900               18.81                    
305495500       20151228  10300               16.07                    
305495500       20170430   8290               14.18                    
305495500       20180908   8030               13.97                    
305495500       20190526  16600               19.73                    
