Z05495000                       USGS 
H05495000       4023320913552002929045SW07110001400            501.52           
N05495000       Fox River at Wayland, MO
Y05495000       
305495000       19220712   2400               11.905                   
305495000       19230316   1980               11.005                   
305495000       19240806   3250               13.605                   
305495000       19250426   3760               13.805                   
305495000       19260917   6570               14.905                   
305495000       19270420   7300               15.505                   
305495000       19271001   8100               19.103                   
305495000       19281118  16100               20.003                   
305495000       19300616   3460               14.16                    
305495000       19310607   9940               18.35                    
305495000       19311124   6440               16.85                    
305495000       19330629  25000               21.53                    
305495000       19340405   1780               10.92                    
305495000       19350602  13300               19.38                    
305495000       19360226   8060               17.65                    
305495000       19370305   3540               13.722                   
305495000       19380406   4070               14.88                    
305495000       19390313   9260               18.22                    
305495000       19400424   1640                9.08                    
305495000       19410611   3080               12.75                    
305495000       19411011   4510               15.80                    
305495000       19430517   5290               16.45                    
305495000       19440424  10200               18.50                    
305495000       19450617   6810               17.34                    
305495000       19460619  19900               20.66                    
305495000       19470607  12200               19.12                    
305495000       19480320  11900               18.20                    
305495000       19490401   3350               12.902                   
305495000       19500616   9560               17.79                    
305495000       19510512   5250               15.272                   
305495000       19520623   6400               16.30                    
305495000       19530401   7960               17.20                    
305495000       19540421   4050               13.60                    
305495000       19550106   6000               15.98                    
305495000       19560809   10304               6.98                    
305495000       19570611   6130               16.35                    
305495000       19580731   4750               15.51                    
305495000       19590808   9840               18.33                    
305495000       19600330  13400               20.17                    
305495000       19610914   4290               14.69                    
305495000       19620312   6480               16.82                    
305495000       19630305   5760               16.27                    
305495000       19640421   6180               16.79                    
305495000       19650406   5370               15.97                    
305495000       19660613   2730               11.99                    
305495000       19670402   5100               15.73                    
305495000       19671031   3330               13.22                    
305495000       19690117   5400               16.04                    
305495000       19700923  12800               19.84                    
305495000       19701011   3150               13.792                   
305495000       19711217   4140               14.92                    
305495000       19730422  26400               21.71                    
305495000       19740530   5630               16.53                    
305495000       19750424   3390               13.75                    
305495000       19760425  13400               19.96                    
305495000       19770924   4430               12.68                    
305495000       19780319   8820               16.75                    
305495000       19790330  10200               17.50                    
305495000       19800604  14700               19.23                    
305495000       19810706  12300               18.53                    
305495000       19820719  11500               18.24                    
305495000       19830403  14800               19.25                    
305495000       19840610   6370               14.75                    
305495000       19850222  11500               18.24                    
305495000       19860519  13200               18.80                    
305495000       19861003   9300               16.92                    
305495000       19880220   1860                8.23                    
305495000       19890910    946                6.12                    
305495000       19900621   9040               16.61                    
305495000       19910505   4700               12.13                    
305495000       19920420   7980               15.81                    
305495000       19930712  11900               18.22                    
305495000       19940422   6410               14.77                    
305495000       19950706  11300               18.00                    
305495000       19960527  14300               19.05                    
305495000       19970221   5990               14.77                    
305495000       19980630   7270               15.78                    
305495000       19981018   6800               15.44                    
305495000       20000711   2990               10.24                    
305495000       20010515   9800               17.78                    
305495000       20020513  10900               18.355                   
305495000       20030711   8350               16.85                    
305495000       20040828  10900               18.37                    
305495000       20050214   5290               13.62                    
305495000       20060313   3450               10.67                    
305495000       20070225   7090               15.41                    
305495000       20080915  18600               20.61                    
305495000       20090516   9320               17.362                   
305495000       20100721  13800               19.39                    
305495000       20110615  26200               23.07                    
305495000       20120505  11200               18.54                    
305495000       20130419  11900               18.90                    
305495000       20140221   8070               16.26                    
305495000       20150626  12400               19.15                    
305495000       20151214   6230               14.44                    
305495000       20170406   4840               12.68                    
305495000       20180907   7550               15.79                    
305495000       20190530  15800               20.38                    
