Z05501000                       USGS 
H05501000       3949010913245002929127SW07110004354            473.7            
N05501000       North River at Palmyra, MO
Y05501000       
305501000       19350509   8790               18.15                    
305501000       19360226  15000               21.00                    
305501000       19370713   9220               18.45                    
305501000       19380331   8380               18.00                    
305501000       19390725  14600               20.50                    
305501000       19400303   3330               12.40                    
305501000       19410419   3110               12.00                    
305501000       19420626  15200               20.48                    
305501000       19421227  11500               19.27                    
305501000       19440411  27400               22.96                    
305501000       19450616  14400               20.30                    
305501000       19460109   8560               18.60                    
305501000       19470601  19000               22.40                    
305501000       19480319   8490               18.84                    
305501000       19490720  16000               22.30                    
305501000       19491221   5400               15.56                    
305501000       19510329  17900               22.72                    
305501000       19520318   7460               17.94                    
305501000       19530331   5200               15.39                    
305501000       19540601   2900               13.42                    
305501000       19550528  23000               24.42                    
305501000       19560621   6600               17.05                    
305501000       19570517   8900               19.00                    
305501000       19580716  11100               21.60                    
305501000       19590210  10600               21.38                    
305501000       19600328   5590               17.86                    
305501000       19610914  15400               23.58                    
305501000       19620321   9980               21.07                    
305501000       19630305   6710               18.88                    
305501000       19640405   6580               18.76                    
305501000       19650406   9620               20.89                    
305501000       19660613   6970               19.09                    
305501000       19670507   6970               19.04                    
305501000       19680625   9320               20.60                    
305501000       19690709   9480               20.14                    
305501000       19691013  26500               26.57                    
305501000       19710104   5410               17.73                    
305501000       19711230   2640               13.39                    
305501000       19730421  57500               29.70                    
305501000       19740531  17900               22.36                    
305501000       19750424  16400               21.80                    
305501000       19760425   7060               17.24                    
305501000       19770913  11400               19.69                    
305501000       19771102  12500               20.24                    
305501000       19790223  14700               21.24                    
305501000       19800330   3830               14.62                    
305501000       19810518  23800               23.88                    
305501000       19820609  27600               24.65                    
305501000       19821203  34500               26.11                    
305501000       19840609  13000               20.44                    
305501000       19850304  20000               24.28                    
305501000       19851119  21800               23.33                    
305501000       19861003  18800               25.91                    
305501000       19871227   7080               17.07                    
305501000       19890829   3350               13.76                    
305501000       19900608  29500               25.08                    
305501000       19910515  27500               24.66                    
305501000       19920218   4490               14.81                    
305501000       19930701  286002              29.361                   
305501000       19940411  12000               19.99                    
305501000       19950525  14600               25.32                    
305501000       19960527  18700               22.87                    
305501000       19970221  23700               23.80                    
305501000       19980331  14800               21.15                    
305501000       19990122  10000               19.48                    
305501000       20000626   2290               12.92                    
305501000       20010606   7130               17.59                    
305501000       20020509  23000               25.00                    
305501000       20030511   5490               16.24                    
305501000       20040828  19400               24.06                    
305501000       20050113  12700               20.97                    
305501000       20060601   3540               14.41                    
305501000       20070225  16700               22.91                    
305501000       20080914  22700               21.46                    
305501000       20090430  17400               19.45                    
305501000       20100721  24500               22.06                    
305501000       20110228  11900               18.60                    
305501000       20120501   3610               10.18                    
305501000       20130418  38500               23.15                    
305501000       20140910  11200               18.11                    
305501000       20150625  18500               20.68                    
305501000       20151214   9580               16.76                    
305501000       20170430  11200               18.13                    
305501000       20180907   7820               15.05                    
305501000       20190529  18000               20.59                    
