Z05503800                       USGS 
H05503800       3935050915936002929137SW0711000580.0           650              
N05503800       Crooked Creek near Paris, MO
Y05503800       
305503800       19730421  121007              15.53                    
305503800       19800604   1670                7.40                    
305503800       19810518   3910               10.87                    
305503800       19820609   2700                9.23                    
305503800       19830402   4430               11.40                    
305503800       19840609   2650                9.23                    
305503800       19850304   5000               12.01                    
305503800       19860930   4040               10.94                    
305503800       19861003   5060               12.05                    
305503800       19871221   1260                6.53                    
305503800       19890528   1470                6.95                    
305503800       19900608   4330               11.14                    
305503800       19910712   4500               10.74                    
305503800       19911118   2060                7.83                    
305503800       19930701   8100               12.684                   
305503800       19940412   3010                9.37                    
305503800       19950524   4490               10.83                    
305503800       19960507   9460               13.62                    
305503800       19970412   4500               10.70                    
305503800       19980704   5450               11.56                    
305503800       19981207   2270                8.36                    
305503800       20000625    697                4.95                    
305503800       20010130   2780                9.21                    
305503800       20020509   3850               10.35                    
305503800       20030511    866                5.72                    
305503800       20040828   3210                9.79                    
305503800       20050113   1820                7.77                    
305503800       20060611   2640                8.98                    
305503800       20070403   2850                9.31                    
305503800       20080725   6810               12.35                    
305503800       20081228   4180               10.62                    
305503800       20100721   4550               10.90                    
305503800       20110228   2740                9.13                    
305503800       20120501    912                5.53                    
305503800       20130418   9090               13.00                    
305503800       20140910   2530                8.80                    
305503800       20150708   2220                8.29                    
305503800       20160803   3040                9.14                    
305503800       20170630   4260               10.68                    
305503800       20180906   1980                7.87                    
305503800       20190529   4090               10.07                    
