Z05508805                       USGS 
H05508805       3931130912033002929173SW07110007206            485.00           
N05508805       Spencer Creek below Plum Creek near Frankford, MO
Y05508805       
305508805       19790223  10200               13.24                    
305508805       19800902   6140               11.26                    
305508805       19810728  16200               16.86                    
305508805       19820609  10000               14.22                    
305508805       19830501  12900               15.63                    
305508805       19840421   9550               13.97                    
305508805       19850223  12600               15.47                    
305508805       19851119  15700               16.69                    
305508805       19870707   8660               13.41                    
305508805       19871228   7620               12.78                    
305508805       19890525   32804               9.37                    
305508805       19900516  15000               16.42                    
305508805       19910515  12600               15.53                    
305508805       19920810  12300               15.60                    
305508805       19930922  20300               18.54                    
305508805       19940411  16100               17.13                    
305508805       19950524  11300               15.12                    
305508805       19960507  16400               17.23                    
305508805       19970221  11900               15.40                    
305508805       19980211   6850               11.98                    
305508805       19990701   9220               14.40                    
305508805       20000626   4930               10.85                    
305508805       20010129   9860               14.43                    
305508805       20020506  13100               15.91                    
305508805       20030510  10200               14.59                    
305508805       20040827  10500               14.69                    
305508805       20050113  10800               14.86                    
305508805       20060531   4670               10.61                    
305508805       20070224   5700               11.60                    
305508805       20080725  20700               19.60                    
305508805       20090430  12000               15.61                    
305508805       20100720  21700               19.98                    
305508805       20110228   8290               13.61                    
305508805       20120430   2290                7.61                    
305508805       20130418  11000               15.10                    
305508805       20140403   7790               12.53                    
305508805       20150709  10100               14.58                    
305508805       20151228  10600               14.84                    
305508805       20170430  15200               17.25                    
305508805       20180327  16900               17.99                    
305508805       20190501  11000               14.89                    
