Z05585000                       USGS 
H05585000       4001290903754001717009SW071300101293           431.10           
N05585000       LA MOINE RIVER AT RIPLEY, IL
Y05585000       
305585000       19210905   5890               17.39                    
305585000       19220411   6370               18.20                    
305585000       19230313   5050               15.97                    
305585000       19240725  12500               25.00                    
305585000       19250812   4850               16.78                    
305585000       19260617   8850               21.54                    
305585000       19261007   73202              21.001                   
305585000       19280608   4600               15.502                   
305585000       19290316  16800               25.87                    
305585000       19300223   5790               18.31                    
305585000       19310519   4600               15.72                    
305585000       19320813   5880               18.68                    
305585000       19330516   8560               21.75                    
305585000       19340618   1280                8.78                    
305585000       19350513   9520               23.17                    
305585000       19360228  16800               25.94                    
305585000       19361010   3770               15.582                   
305585000       19380521   9740               23.36                    
305585000       19390418   8420               22.21                    
305585000       19400305   3140               14.29                    
305585000       19410419   5070               19.12                    
305585000       19420209   9080               22.87                    
305585000       19430521  14500               25.251                   
305585000       19440425  17100               26.03                    
305585000       19450518  11200               23.90                    
305585000       19460109  15300               25.44                    
305585000       19470608  17100               25.98                    
305585000       19480323  15900               25.60                    
305585000       19490223   8070               22.26                    
305585000       19500619   7790               22.15                    
305585000       19510222  10800               23.89                    
305585000       19520525   7100               21.41                    
305585000       19530401   3490               15.67                    
305585000       19540422   3890               16.73                    
305585000       19550223   9860               23.15                    
305585000       19551006   6970               21.32                    
305585000       19570428   6400               20.80                    
305585000       19580801   6200               20.64                    
305585000       19590214  11400               23.97                    
305585000       19600401  15300               25.87                    
305585000       19610926  18600               27.43                    
305585000       19620321   9960               23.73                    
305585000       19630305   6920               21.70                    
305585000       19640423  12600               24.90                    
305585000       19650105  10800               24.13                    
305585000       19660609   5950               20.34                    
305585000       19670507   5210               19.35                    
305585000       19680202   4680               18.46                    
305585000       19690710  17100               26.96                    
305585000       19700927  24100               28.42                    
305585000       19710220   3900               17.51                    
305585000       19720422   5720               20.78                    
305585000       19730422  12400               25.52                    
305585000       19740602  10000               24.66                    
305585000       19750526   5430               20.14                    
305585000       19760428  12600               24.70                    
305585000       19770506   7110               22.26                    
305585000       19771106  14200               25.20                    
305585000       19790412   8120               23.06                    
305585000       19800606  18800               26.74                    
305585000       19810708  16800               26.22                    
305585000       19820316  10700               24.20                    
305585000       19821205  21000               27.27                    
305585000       19840520  17000               26.27                    
305585000       19850307  28000               29.07                    
305585000       19851119  22000               28.63                    
305585000       19861007  23400               28.10                    
305585000       19880120   4290               18.01                    
305585000       19890909   1800               12.76                    
305585000       19900623  27300               28.96                    
305585000       19910505   9770               23.56                    
305585000       19911004  11200               24.22                    
305585000       19930727  16600               26.98                    
305585000       19940413   7790               22.25                    
305585000       19950518  26100               29.15                    
305585000       19960508  26100               29.07                    
305585000       19970225   9910               24.16                    
305585000       19980630  10600               23.93                    
305585000       19990128   9920               23.18                    
305585000       20000626   5220               18.77                    
305585000       20010214   8620               23.431                   
305585000       20020515  20000               28.411                   
305585000       20030718   5710               19.751                   
305585000       20031211   6570               20.42                    
305585000       20050114   8750               22.51                    
305585000       20060408   3910               16.68                    
305585000       20070303   51002              18.8012                   
305585000       20080915  17100               26.43                    
305585000       20090519  18100               26.81                    
305585000       20100622  17300               26.45                    
305585000       20110619  12100               25.48                    
305585000       20120506   3830               16.66                    
305585000       20130421  37200               32.59                    
305585000       20140225  11500               25.22                    
305585000       20150627  14800               26.571                   
305585000       20151229  12900               25.81                    
305585000       20170501   9100               24.20                    
305585000       20180908   7640               21.45                    
305585000       20190529  17400               27.37                    
