Z05584500                       USGS 
H05584500       4019490905346001717109SW07130010655            491.53           
N05584500       LA MOINE RIVER AT COLMAR, IL
Y05584500       
305584500       19450327   7890               21.20                    
305584500       19460107  13900               22.20                    
305584500       19470406  11100               21.72                    
305584500       19480727  20300               23.75                    
305584500       19490220   8200               20.91                    
305584500       19500621   7300               20.65                    
305584500       19510221  11400               21.75                    
305584500       19520425   6350               20.31                    
305584500       19530401   2950               17.64                    
305584500       19540326   8650               21.09                    
305584500       19550221  11000               21.68                    
305584500       19560815   2310               15.26                    
305584500       19570629   3210               17.67                    
305584500       19580705   3830               20.60                    
305584500       19590212   66002                                       
305584500       19600330  16700               22.97                    
305584500       19610925  19800               23.70                    
305584500       19620313   5150               20.09                    
305584500       19630304   35002                                       
305584500       19640421  14000               22.40                    
305584500       19650124  12600               22.082                   
305584500       19660312   4900               20.01                    
305584500       19670622   33402                                       
305584500       19680201   3870               19.37                    
305584500       19690709  13600               22.30                    
305584500       19700925  27000               25.14                    
305584500       19710220   20002                                       
305584500       19720422   2590               17.53                    
305584500       19730423  15000               22.62                    
305584500       19740531  15000               22.62                    
305584500       19750329   7190               20.72                    
305584500       19760425  13700               23.17                    
305584500       19770506   3520               18.20                    
305584500       19771103  12300               23.50                    
305584500       19790413   6600               21.16                    
305584500       19800604  19400               24.79                    
305584500       19810705  16500               24.35                    
305584500       19820315   6660               21.37                    
305584500       19821204  13700               23.82                    
305584500       19840609   7230               21.67                    
305584500       19850305  38900               26.61                    
305584500       19860607  10000               22.76                    
305584500       19861004  28700               25.69                    
305584500       19880120   2200               16.00                    
305584500       19890428   1100               10.81                    
305584500       19900621  20800               24.81                    
305584500       19910525   5240               20.73                    
305584500       19920726   5300               20.77                    
305584500       19930726  17200               24.23                    
305584500       19940221   7620               21.97                    
305584500       19950518  15500               23.90                    
305584500       19960528  18400               24.21                    
305584500       19970223  11100               22.97                    
305584500       19980526   5500               21.58                    
305584500       19990417   4900               20.502                   
305584500       20000626   6300               21.34                    
305584500       20010211  11400               23.03                    
305584500       20020513  24000               25.76                    
305584500       20030511   2270               15.95                    
305584500       20031212   8830               22.32                    
305584500       20041102   6360               21.37                    
305584500       20060407   3740               19.38                    
305584500       20070625   6450               21.42                    
305584500       20080219  13100               23.43                    
305584500       20090517  19800               25.06                    
305584500       20100721  17400               24.07                    
305584500       20110616  20700               24.59                    
305584500       20120506   4090               19.11                    
305584500       20130419  33700               28.94                    
305584500       20140222  10000               23.74                    
305584500       20150628   7670               23.15                    
305584500       20151230   8370               23.10                    
305584500       20170502   5680               21.71                    
305584500       20180221   4370               20.24                    
305584500       20190526   9730               24.06                    
