Z05593900                       USGS 
H05593900       3908550892109001717135SW0714020355.5           574.76           
N05593900       EAST FORK SHOAL CREEK NEAR COFFEEN, IL
Y05593900       
305593900       19640406    796                9.88                    
305593900       19650425    870               10.25                    
305593900       19660518   1970               11.51                    
305593900       19661207   5910               14.45                    
305593900       19671221   3090               12.64                    
305593900       19690129   2180               11.77                    
305593900       19691012   4630               14.27                    
305593900       19710205   1930               11.94                    
305593900       19711215   1870               11.86                    
305593900       19730627   2960               12.48                    
305593900       19740531   2880               12.42                    
305593900       19750223   1890               12.07                    
305593900       19760305    999               10.52                    
305593900       19770328   1850               12.37                    
305593900       19780325   2010               12.12                    
305593900       19790411   4530               14.24                    
305593900       19800330   1210               10.94                    
305593900       19810518    995               10.51                    
305593900       19820720   3600               13.65                    
305593900       19830414   2720               12.97                    
305593900       19840421   2120               12.26                    
305593900       19850222   1770               11.80                    
305593900       19851211   3110               13.18                    
305593900       19861004   1920               11.90                    
305593900       19880201   1710               11.62                    
305593900       19890525   1260               10.88                    
305593900       19900526   5170               14.60                    
305593900       19901229   3410               13.43                    
305593900       19920418    410                7.40                    
305593900       19930425   2550               12.64                    
305593900       19940412   2870               12.97                    
305593900       19950518   1990               12.59                    
305593900       19960429   2690               13.66                    
305593900       19970227   1880               12.63                    
305593900       19980805   5030               14.75                    
305593900       19990207   2590               13.04                    
305593900       20000824   1540               11.77                    
305593900       20001005   1830               12.17                    
305593900       20020507   5680               14.56                    
305593900       20030510   1920               11.81                    
305593900       20040104   2770               12.99                    
305593900       20050105   3140               13.00                    
305593900       20060312   1360               10.49                    
305593900       20070115   1900               11.78                    
305593900       20080914   5070               14.25                    
305593900       20090211   3010               13.32                    
305593900       20100724   7790               14.89                    
305593900       20110618   2940               13.23                    
305593900       20120901   2090               12.63                    
305593900       20130418   3950               13.71                    
305593900       20140220   1760               12.31                    
305593900       20150410   2670               12.80                    
305593900       20151227   4950               14.09                    
305593900       20170430   3450               13.49                    
305593900       20180221   1770               12.34                    
305593900       20190523   2070               12.69                    
