Z05592050                       USGS 
H05592050       3924210885347001717173SW0714020193.1           550.00           
N05592050       ROBINSON CREEK NEAR SHELBYVILLE, IL
Y05592050       
305592050       19570628  2640027             16.80                    
305592050       19800330   2130               10.03                    
305592050       19810519   36002                                       
305592050       19820130   4010               12.23                    
305592050       19830502  11300               13.37                    
305592050       19831211   3640               11.11                    
305592050       19850222   7480               12.44                    
305592050       19851211   5750               11.88                    
305592050       19861004   1660                9.61                    
305592050       19871228   1940                9.87                    
305592050       19890429   2750               10.47                    
305592050       19900516   4800               11.82                    
305592050       19901229   5710               11.87                    
305592050       19920726   1070                8.94                    
305592050       19930923  10700               14.92                    
305592050       19940412   3990               12.24                    
305592050       19950517   3010               11.54                    
305592050       19960429   5710               12.29                    
305592050       19970227   2460               11.04                    
305592050       19980320   1980               10.54                    
305592050       19990207   2460               11.04                    
305592050       20000705   1770               10.63                    
305592050       20010606   5940               12.57                    
305592050       20020512   8040               13.52                    
305592050       20030901   2700               11.08                    
305592050       20040104   3300               11.39                    
305592050       20050113   3800               11.63                    
305592050       20060406   4010               11.55                    
305592050       20070115   2430               10.88                    
305592050       20080915   4130               11.79                    
305592050       20081228   4670               12.03                    
305592050       20100624   4890               12.13                    
305592050       20110420   2520               11.25                    
305592050       20120501   1630               10.35                    
305592050       20130419   6080               13.35                    
305592050       20140221   2470               11.21                    
305592050       20150619   5180R              13.99                    
305592050       20151227  10700               14.92                    
305592050       20170504   5930               12.42                    
305592050       20180611   4890               13.72                    
305592050       20190622   6160               13.30                    
