Z05593575                       USGS 
H05593575       3826300892500001717189SW0714020284.3           414.12           
N05593575       LITTLE CROOKED CREEK NEAR NEW MINDEN, IL
Y05593575       
305593575       19671221  10900               21.00                    
305593575       19690130   4340               18.40                    
305593575       19691012   4810               18.64                    
305593575       19710205   1440               15.86                    
305593575       19720416   3420               17.88                    
305593575       19730311   3880               18.15                    
305593575       19731225   2980               17.59                    
305593575       19750223   4450               18.46                    
305593575       19760305    451               11.63                    
305593575       19770328   8100               20.03                    
305593575       19780314   2610               17.31                    
305593575       19790412   5850               19.13                    
305593575       19800330   1700               16.32                    
305593575       19810603    953               14.61                    
305593575       19820131   4450               18.46                    
305593575       19821225   8590               20.21                    
305593575       19831123   2830               17.40                    
305593575       19850331   4650               18.63                    
305593575       19851119   9690               20.65                    
305593575       19870707   2150               16.77                    
305593575       19880201   4300               18.43                    
305593575       19890404   5650               19.14                    
305593575       19900516  11100               21.06                    
305593575       19901229   4470               18.53                    
305593575       19911120   1890               16.48                    
305593575       19930923   5440               19.04                    
305593575       19931114  10600               20.93                    
305593575       19950517  11900               21.76                    
305593575       19960429  11300               21.42                    
305593575       19970128   2780               17.62                    
305593575       19980416   4880               19.03                    
305593575       19990207   3790               18.38                    
305593575       20000617   3750               18.35                    
305593575       20010225   1020               14.98                    
305593575       20020513   2750               17.59                    
305593575       20030507   1790               16.36                    
305593575       20040526   2330               16.95                    
305593575       20050113   4880               18.78                    
305593575       20060312   4020               18.28                    
305593575       20061201   2480               17.10                    
305593575       20080319   9950               21.22                    
305593575       20090211   4940               18.86                    
305593575       20091225   4150               18.33                    
305593575       20110426   8830               20.93                    
305593575       20120902   2160               16.49                    
305593575       20130601   7330               20.14                    
305593575       20140404   5950               19.45                    
305593575       20150608   5590               19.25                    
305593575       20151228   5800               19.37                    
305593575       20170430   7810               20.47                    
305593575       20180225   4970               19.01                    
305593575       20181215   3760               18.03                    
