Z05592575                       USGS 
H05592575       3856130885710001717051SW0714020244.2           493.37           
N05592575       HICKORY CREEK NEAR BROWNSTOWN, IL
Y05592575       
305592575       19890914   5500               16.27                    
305592575       19900516   3480               15.37                    
305592575       19901229   5500               16.27                    
305592575       19920418   2330               14.52                    
305592575       19930105   2960               15.08                    
305592575       19931114   6250               16.43                    
305592575       19950518   5260               16.18                    
305592575       19960428   2660               14.88                    
305592575       19970227   3840               15.57                    
305592575       19980522   2060               14.40                    
305592575       19990207   4470               15.86                    
305592575       20000625   2530               14.79                    
305592575       20010209   2540               14.80                    
305592575       20020513   5260               16.18                    
305592575       20030508   6100               16.48                    
305592575       20040528   3440               15.36                    
305592575       20050105   3010               15.11                    
305592575       20060809   2460               14.71                    
305592575       20070113   2960               15.08                    
305592575       20080607   4440               15.82                    
305592575       20090211   5310               15.83                    
305592575       20100628   3900               15.60                    
305592575       20110426   6880               16.88                    
305592575       20120902   3120               15.20                    
305592575       20130419   4010               15.65                    
305592575       20140403   5080               16.06                    
305592575       20150608   7090               17.30                    
305592575       20151227   5130               16.13                    
305592575       20170504   6150               16.51                    
305592575       20180908   5920               16.42                    
305592575       20190522   4720               15.91                    
