Z06154410                       USGS 
H06154410       4757561083938003030005SW1005000912.9           3769.72          
N06154410       Little Peoples Creek near Hays MT
Y06154410       
306154410       19730619   67.0                2.68                    
306154410       19740525    576                4.57                    
306154410       19750619    288                3.14                    
306154410       19760707   7.00               10.29                    
306154410       19770517   14.0               10.39                    
306154410       19780524    119               11.77                    
306154410       19790506   66.0               11.76                    
306154410       19800505   6.60               10.402                   
306154410       19810517   38.0               11.48                    
306154410       19820603   59.0               11.56                    
306154410       19830521   31.0               11.03                    
306154410       19840420   5.101                                       
306154410       19850817   13.01                                       
306154410       19860523    116               12.94                    
306154410       19870528   20.0                1.17                    
306154410       19880507    103                1.89                    
306154410       19890513    126                2.18                    
306154410       19900525   36.0                1.75                    
306154410       19910512   55.0                1.65                    
306154410       19920719   10.0                1.19                    
306154410       19930718    162                2.65                    
306154410       19940608   59.0                2.02                    
306154410       19950713   80.0                2.12                    
306154410       19960311    159                2.64                    
306154410       19970526    106                3.04                    
306154410       19980704   45.0                2.09                    
306154410       19990515   28.0                1.21                    
306154410       20000703   4.40                0.64                    
306154410       20010614   9.40                0.79                    
306154410       20020623   50.0                1.31                    
306154410       20030510   9.80                0.80                    
306154410       20040612   34.0                1.17                    
306154410       20050613    112                1.93                    
306154410       20060406   64.0                1.52                    
306154410       20070523    129                2.05                    
306154410       20080612    328                3.01                    
306154410       20090504    140                2.18                    
