Z06221400                       USGS 
H06221400       4320461092431005656013SW1008000188.2           6500             
N06221400       DINWOODY CREEK ABOVE LAKES, NEAR BURRIS, WY
Y06221400       
306221400       19580524    737                4.08                    
306221400       19590625    876                4.17                    
306221400       19600617    708                4.05                    
306221400       19610620    740                4.05                    
306221400       19620627    868                4.17                    
306221400       19630616   1270                4.57                    
306221400       19640711    805                4.20                    
306221400       19650623   1020                4.40                    
306221400       19660622    916                4.31                    
306221400       19670623    962                4.35                    
306221400       19680810    916                4.35                    
306221400       19690717    800                4.14                    
306221400       19700628   1160                4.44                    
306221400       19710618   1400                4.57                    
306221400       19720605    840                4.18                    
306221400       19730911   1000                4.26                    
306221400       19740618    932                4.22                    
306221400       19750706   1130                4.34                    
306221400       19760801    917                4.19                    
306221400       19770725   1450                4.44                    
306221400       19780625    960                4.16                    
306221400       19890707    676                3.79                    
306221400       19900703    812                3.83                    
306221400       19910613    913                4.03                    
306221400       19920625    562                3.692                   
306221400       19930622    599                3.73                    
306221400       19940623    485                3.59                    
306221400       19950713   1510                4.50                    
306221400       19960706    845                3.92                    
306221400       19970609   1490                4.35                    
306221400       19980713   1040                3.93                    
306221400       19990622   1300                4.08                    
306221400       20000524    527                3.61                    
306221400       20010707    545                3.66                    
306221400       20020601    680                3.68                    
306221400       20030909   12603               4.10                    
306221400       20040630   1530                4.24                    
306221400       20050623    926                3.90                    
306221400       20060610    703                3.73                    
306221400       20070727    547                3.65                    
306221400       20080703    852                3.84                    
306221400       20090627    838                3.892                   
306221400       20100605   1180                4.09                    
306221400       20110630   1140                4.07                    
306221400       20120604    913                3.94                    
306221400       20130802   1100                4.06                    
306221400       20140530    795                3.862                   
306221400       20150616   1010                3.99                    
306221400       20160607    945                3.93                    
306221400       20170617   3550                4.82                    
306221400       20180618   1610                4.35                    
306221400       20190608   1800                4.39                    
