Z06224000                       USGS 
H06224000       4310351091209005656013SW10080001187            5874             
N06224000       BULL LAKE CREEK ABOVE BULL LAKE, WY
Y06224000       
306224000       19410618   1760                5.28                    
306224000       19420609   1840                5.40                    
306224000       19430627   2180                5.95                    
306224000       19440627   2360                6.18                    
306224000       19450624   2380                6.02                    
306224000       19460618   1270                4.80                    
306224000       19470621   2760                6.61                    
306224000       19480609   1740                5.33                    
306224000       19490619   2290                5.96                    
306224000       19500703   2180                5.84                    
306224000       19510528   2180                5.84                    
306224000       19520607   3030                6.69                    
306224000       19530614   2860                6.52                    
306224000       19670623   2810                6.47                    
306224000       19680605   2500                6.16                    
306224000       19690608   2690                6.35                    
306224000       19700628   2090                5.72                    
306224000       19710618   3420                7.05                    
306224000       19720608   2610                6.27                    
306224000       19730911   1960                5.58                    
306224000       19740619   2320                5.98                    
306224000       19750710   2580                6.24                    
306224000       19760607   1760                5.35                    
306224000       19770607   1320                4.80                    
306224000       19780615   2160                5.835                   
306224000       19790529   1970                5.59                    
306224000       19800702   2310                5.96                    
306224000       19810609   4470                7.98                    
306224000       19820629   2390                6.04                    
306224000       19830710   3140                6.82                    
306224000       19840601   1850                5.46                    
306224000       19850609   1750                5.34                    
306224000       19860606   3170                6.92                    
306224000       19870711   1970                5.65                    
306224000       19880606   1320                4.81                    
306224000       19890617   1870                5.48                    
306224000       19900611   1730                5.32                    
306224000       19910613   3480                7.14                    
306224000       19920626    983                4.41                    
306224000       19930521   1620                5.18                    
306224000       19940514   1170                4.67                    
306224000       19950713   3330                6.94                    
306224000       19960611   2310                5.87                    
306224000       19970609   2670                6.34                    
306224000       19980705   2270                5.95                    
306224000       19990622   3080                6.52                    
306224000       20000525   1340                4.80                    
306224000       20010516   1880                5.44                    
306224000       20020601   1580                5.11                    
306224000       20030530   2030                5.58                    
306224000       20040630   2060                5.61                    
306224000       20050623   2490                6.07                    
306224000       20060610   1770                5.30                    
306224000       20070606   1200                4.62                    
306224000       20080627   1850                5.39                    
306224000       20090627   1910                5.49                    
306224000       20100608   4240                7.18                    
306224000       20110701   4310                7.22                    
306224000       20120606   1720                5.28                    
306224000       20130611   1440                4.91                    
306224000       20140530   2000                5.50                    
306224000       20150617   2120                5.64                    
306224000       20160610   3100                6.44                    
306224000       20170618   4830                7.82                    
306224000       20180618   3250                6.73                    
306224000       20190608   3830                7.16                    
