Z06278300                       USGS 
H06278300       4430291072411005656003SW1008001023.1           9050             
N06278300       SHELL CREEK ABOVE SHELL CREEK RESERVOIR, WY
Y06278300       
306278300       19570604    764                5.98                    
306278300       19580521    695                5.75                    
306278300       19590607    845                6.23                    
306278300       19600610    578                5.20                    
306278300       19610529    870                6.18                    
306278300       19620612    722                5.77                    
306278300       19630615   1870                7.84                    
306278300       19640627    936                6.29                    
306278300       19650624    652                5.47                    
306278300       19660530    591                5.69                    
306278300       19670619    719                5.83                    
306278300       19680618    912                6.23                    
306278300       19690527    663                5.58                    
306278300       19700628    726                5.78                    
306278300       19710529    702                5.69                    
306278300       19720602    766                5.86                    
306278300       19730609   1080                6.57                    
306278300       19740614   1100                6.61                    
306278300       19750701    908                6.22                    
306278300       19760606    803                5.96                    
306278300       19770603    772                5.88                    
306278300       19780615    755                5.75                    
306278300       19790603    663                5.50                    
306278300       19800522    751                5.745                   
306278300       19810608    775                5.80                    
306278300       19820623    771                5.79                    
306278300       19830612    886                6.21                    
306278300       19840615    846                6.10                    
306278300       19850607    401                4.58                    
306278300       19860608    509                5.02                    
306278300       19870516    572                5.25                    
306278300       19880528    637                5.47                    
306278300       19890610    408                4.61                    
306278300       19900610   1200                6.99                    
306278300       19910607    702                5.68                    
306278300       19920520    586                5.30                    
306278300       19930529    604                5.36                    
306278300       19940513    438                4.74                    
306278300       19950615   1170                6.93                    
306278300       19960609    849                6.10                    
306278300       19970605    738                5.79                    
306278300       19980530    417                4.54                    
306278300       19990619    634                5.46                    
306278300       20000529    609                5.44                    
306278300       20010514    499                4.99                    
306278300       20020531   1060                6.66                    
306278300       20030529   1110                6.77                    
306278300       20040606    359                4.29                    
306278300       20050617   1060                6.65                    
306278300       20060521    579                5.15                    
306278300       20070519    460                4.80                    
306278300       20080624    878                6.14                    
306278300       20090530    562                5.19                    
306278300       20100607    864                6.14                    
306278300       20110629   1480                7.58                    
306278300       20120603    878                6.18                    
306278300       20130611    760                5.84                    
306278300       20140529    841                6.13                    
306278300       20150602    750                5.88                    
306278300       20160609    587                5.23                    
306278300       20170605    815                5.83                    
306278300       20180528   1090                6.44                    
306278300       20190607    866                5.95                    
