Z06280300                       USGS 
H06280300       4412281093318005656029SW10080013297            6200             
N06280300       SOUTH FORK SHOSHONE RIVER NEAR VALLEY, WY
Y06280300       
306280300       19570606   4580                7.05                    
306280300       19580522   3520                6.26                    
306280300       19600617   2620                5.83                    
306280300       19610609   3800                6.41                    
306280300       19620626   4850                6.66                    
306280300       19630615   6610                8.83                    
306280300       19640630   3920                6.63                    
306280300       19650616   4480                7.10                    
306280300       19660622   2890                5.62                    
306280300       19670619   4480                7.10                    
306280300       19680619   3780                6.51                    
306280300       19690527   3280                6.27                    
306280300       19700628   4880                7.50                    
306280300       19710622   47905               7.60                    
306280300       19720607   37805               6.51                    
306280300       19730609   39505               6.76                    
306280300       19740615   55605               7.47                    
306280300       19750705   59305               7.41                    
306280300       19760701   31405               5.56                    
306280300       19770604   31305               5.59                    
306280300       19780609   39505               6.14                    
306280300       19790613   31405               5.67                    
306280300       19800620   34905               5.83                    
306280300       19810609  100005               9.24                    
306280300       19820628   45005               7.12                    
306280300       19830610   36205               7.04                    
306280300       19840627   37105               7.05                    
306280300       19850608   46005               7.52                    
306280300       19860603   45005               7.75                    
306280300       19870609   34305               7.08                    
306280300       19880605   29805               6.76                    
306280300       19890615   32705               6.97                    
306280300       19900623   30905               6.74                    
306280300       19910611   69805               8.33                    
306280300       19920625   19505               6.08                    
306280300       19930620   23405               6.55                    
306280300       19940614   20005               6.30                    
306280300       19950614   48105               7.94                    
306280300       19960609   50505               8.39                    
306280300       19970609   51905               8.53                    
306280300       19980703   37905               7.62                    
306280300       19990620   46405               8.22                    
306280300       20000607   30405               7.64                    
306280300       20010516   20705               6.74                    
306280300       20020531   31705               7.50                    
306280300       20030529   45905               8.63                    
306280300       20040610   24805               7.215                   
306280300       20050622   38405               7.61                    
306280300       20060608   34105               7.77                    
306280300       20070725   46405               8.15                    
306280300       20080624   52005               8.35                    
306280300       20090620   34905               6.556                   
306280300       20100607   38605               6.82                    
306280300       20110629   75605               7.93                    
306280300       20120605   43905               6.70                    
306280300       20130629   39605               6.91                    
306280300       20140529   39505               7.782                   
306280300       20150611   49805               8.43                    
306280300       20160609   51205               8.80                    
306280300       20170621   70305               8.23                    
306280300       20180527   52405               7.84                    
306280300       20190616   29505               7.32                    
