Z06291500                       USGS 
H06291500       4507351073559003030003SW1008001683.9           4170             
N06291500       Lodge Grass Cr ab Willow Cr diversion, nr Wyola MT
Y06291500       
306291500       19390601    429                4.51                    
306291500       19400614    262                3.55                    
306291500       19410518    324                4.32                    
306291500       19420527    570                5.28                    
306291500       19430531    330                4.19                    
306291500       19440604    972                5.68                    
306291500       19450613    566                4.52                    
306291500       19460606    452                3.92                    
306291500       19470621    722                5.00                    
306291500       19480522    351                4.17                    
306291500       19490517    185                3.052                   
306291500       19500615    268                3.262                   
306291500       19510529    297                3.32                    
306291500       19520526    237                3.182                   
306291500       19530614    412                4.35                    
306291500       19540521    228                3.25                    
306291500       19550525    273                3.53                    
306291500       19560529    427                4.45                    
306291500       19570617    680                4.71                    
306291500       19580524    521                4.22                    
306291500       19590615    546                4.32                    
306291500       19600319    459                4.00                    
306291500       19610530    333                3.60                    
306291500       19620116    428                4.15                    
306291500       19630605    804                5.42                    
306291500       19640609   1130                6.14                    
306291500       19650614    448                4.46                    
306291500       19660531    302                3.96                    
306291500       19670615    703                5.17                    
306291500       19680609    643                5.04                    
306291500       19690626    408                4.36                    
306291500       19700612    567                4.86                    
306291500       19710611    387                4.35                    
306291500       19720605    445                4.59                    
306291500       19730521    490                4.80                    
306291500       19740618    544                4.88                    
306291500       19780519    9907               6.27                    
306291500       19830612    393                3.98                    
306291500       19840516    604                4.97                    
306291500       19850526    124                2.68                    
306291500       19860604    559                4.782                   
306291500       19870531    185                3.06                    
306291500       19880507    695                5.28                    
306291500       19890512    173                2.99                    
306291500       19900601    265                3.49                    
306291500       19910608    402                4.03                    
306291500       19920702    219                3.25                    
306291500       19930608    362                3.99                    
306291500       19940520    304                3.68                    
306291500       19950617    630                5.16                    
306291500       19960610    333                3.82                    
306291500       19970611    444                4.35                    
306291500       19980613    20012                                      
306291500       19990608    25012                                      
306291500       20000517    418                4.32                    
306291500       20010516    19012                                      
306291500       20020531    159                3.312                   
306291500       20030530    401                4.15                    
306291500       20040611   87.0                2.54                    
306291500       20050521    282                3.56                    
306291500       20060524    366                3.96                    
306291500       20070607   1260                6.21                    
306291500       20080626    466                4.29                    
306291500       20090607    341                4.08                    
