Z06311000                       USGS 
H06311000       4401401070449005656019SW1009020124.5           8180             
N06311000       NORTH FORK POWDER RIVER NEAR HAZELTON, WY
Y06311000       
306311000       19470505    396                3.44                    
306311000       19480520    290                3.14                    
306311000       19490606    361                3.40                    
306311000       19500523    332                3.27                    
306311000       19510518    171                2.62                    
306311000       19520503    302                3.18                    
306311000       19530615    886                4.34                    
306311000       19540510    234                2.94                    
306311000       19550615    388                3.42                    
306311000       19560524    287                3.13                    
306311000       19570610    247                2.98                    
306311000       19580507    284                3.12                    
306311000       19590603    146                2.552                   
306311000       19600423    166                2.54                    
306311000       19610510    380                3.40                    
306311000       19620508    284                3.17                    
306311000       19630601    308                3.20                    
306311000       19640518    350                3.32                    
306311000       19650624    328                3.26                    
306311000       19660507    346                3.31                    
306311000       19670605    543                4.302                   
306311000       19680608    820                4.95                    
306311000       19690423    336                3.73                    
306311000       19700520    310                3.682                   
306311000       19710529    387                3.99                    
306311000       19720602    1501                                       
306311000       19730518    330                3.8012                   
306311000       19740509    176                3.162                   
306311000       19750703    378                3.962                   
306311000       19760519    308                3.712                   
306311000       19770510    1701                                       
306311000       19780609    393                3.76                    
306311000       19790523    227                3.272                   
306311000       19800527    146                2.742                   
306311000       19810517    164                2.77                    
306311000       19820617    247                3.332                   
306311000       19830527    422                4.10                    
306311000       19840523    364                3.952                   
306311000       19850503    158                2.942                   
306311000       19860504    283                3.642                   
306311000       19870427    248                3.772                   
306311000       19880513    290                4.002                   
306311000       19890423    264                4.312                   
306311000       19900524    157                3.602                   
306311000       19910518    348                4.232                   
306311000       19920721    181                3.74                    
306311000       19930528    235                3.90                    
306311000       19940421    3322               4.13125                   
306311000       19950603    403                4.23                    
306311000       19960516    413                4.30                    
306311000       19970608    315                4.13                    
306311000       19980520    203                3.902                   
306311000       19990501    440                4.35                    
306311000       20000516    179                3.71                    
306311000       20010429    1302               4.381                   
306311000       20020519    170                3.692                   
306311000       20030522    230                3.852                   
306311000       20040505   90.0                3.332                   
306311000       20050519    393                4.37                    
306311000       20060523    364                4.252                   
306311000       20070510    100                3.412                   
306311000       20080521    4001               5.291                   
306311000       20090520    413                4.632                   
306311000       20100527    515                4.832                   
306311000       20110613    627                4.88                    
306311000       20120426    182                3.91                    
306311000       20130514    204                3.912                   
306311000       20140527    257                4.022                   
306311000       20150604    170                3.75                    
306311000       20160415    424                4.31                    
306311000       20170513    210                3.83                    
306311000       20180429    355                4.22                    
306311000       20190618    122                3.48                    
