Z06339100                       USGS 
H06339100       4714101024610003838025SW10130201205            2158.2           
N06339100       KNIFE RIVER AT MANNING, ND
Y06339100       
306339100       19680302    420               10.441                   
306339100       19690708   2340               15.70                    
306339100       19700615   2940               16.20                    
306339100       19710330    956               13.332                   
306339100       19720314   2580               15.90                    
306339100       19730303   1230               14.461                   
306339100       19740521    946               12.98                    
306339100       19750422   1990               15.37                    
306339100       19760319    630               11.53                    
306339100       19770615    802               12.96                    
306339100       19780327   2010               15.39                    
306339100       19790418   1380               14.47                    
306339100       19800612   1150               13.91                    
306339100       19810216    214                7.651                   
306339100       19820413   1450               14.70                    
306339100       19830313   1310               14.671                   
306339100       19840320    553               10.211                   
306339100       19850405   65.0                4.90                    
306339100       19860227   1690               15.08                    
306339100       19870401   2260               15.511                   
306339100       19880229   45.0                5.951                   
306339100       19890629    665               11.01                    
306339100       19900628   20.0                7.14                    
306339100       19910917   58.0                7.91                    
306339100       19920228   53.0                7.67                    
306339100       19930728   1800               10.32                    
306339100       19940610    812               11.84                    
306339100       19950312    243                                        
306339100       19960313   1220               14.06                    
306339100       19970321   36001              17.051                   
306339100       19980619    681               11.24                    
306339100       19990316   10802              14.451                   
306339100       20000225    310                9.18                    
306339100       20010615   1120               13.40                    
306339100       20020611    798               11.70                    
306339100       20030318   38002              17.631                   
306339100       20040310   10002              13.581                   
306339100       20050328    720               11.37                    
306339100       20060420    217                8.67                    
306339100       20070309    7002              12.141                   
306339100       20080613   3.90                6.352                   
306339100       20090322   1590               14.89                    
306339100       20100525   1050               13.23                    
306339100       20110522   1490               15.09                    
306339100       20120608    126                8.21                    
306339100       20130601   1350               14.51                    
306339100       20140407    925               14.731                   
306339100       20150607    993               12.742                   
306339100       20160711    810               11.93                    
306339100       20170319    6462              12.011                   
306339100       20180326   11202              15.14                    
306339100       20190322   1380               15.36                    
