Z06332515                       USGS 
H06332515       4747141024605003838053SW1011010174             1949.2           
N06332515       BEAR DEN CREEK NR MANDAREE, ND
Y06332515       
306332515       19670322    290                7.901                   
306332515       19680229    100                4.841                   
306332515       19690406   11002              10.03                    
306332515       19700509   1140                6.46                    
306332515       19710313    560                6.201                   
306332515       19720313   2840                9.021                   
306332515       19730302    500                6.061                   
306332515       19740520    672                5.43                    
306332515       19750422   1300                7.081                   
306332515       19760318   1560                7.251                   
306332515       19770616    230                4.26                    
306332515       19780326   1300                7.40                    
306332515       19790418   1340                6.79                    
306332515       19800404   10.02                                       
306332515       19810215    204                4.95                    
306332515       19820329   1040                8.751                   
306332515       19830312    760                5.951                   
306332515       19840504   65.0                3.642                   
306332515       19850403   71.0                3.342                   
306332515       19860717    389                4.602                   
306332515       19870331    650                5.771                   
306332515       19880322   12.0                3.862                   
306332515       19890310    375                6.331                   
306332515       19900703    190                5.412                   
306332515       19910721   44.0                                        
306332515       19920228   70.0                4.731                   
306332515       19930727   1360                                        
306332515       19940610    501                6.07                    
306332515       19950221    213                6.331                   
306332515       19960408    470                5.931                   
306332515       19970320    800                8.52                    
306332515       19980327    140                4.97                    
306332515       19990316    785                6.612                   
306332515       20000225   10.02                                       
306332515       20010313    2302                                       
306332515       20020328    2002               5.752                   
306332515       20030317    450                6.272                   
306332515       20040313    1002               6.005                   
306332515       20050629    480                6.23                    
306332515       20060401    139                5.372                   
306332515       20070311   85.02               5.642                   
306332515       20080510   0.89                4.372                   
306332515       20090709    114                5.672                   
306332515       20100525    274                6.492                   
306332515       20110521    465                7.31                    
306332515       20120607    372                6.96                    
306332515       20130604    416                7.13                    
306332515       20140310    2002               7.281                   
306332515       20160225   33.012              4.921                   
306332515       20170319    2302               6.351                   
306332515       20180328    1602               6.731                   
306332515       20190321    215                7.95                    
