Z06339500                       USGS 
H06339500       4709161020334003838057SW101302011230           1848.5           
N06339500       KNIFE RIVER NR GOLDEN VALLEY, ND
Y06339500       
306339500       19430605   1240               10.40                    
306339500       19440402   4460               18.75                    
306339500       19450314   70001                                       
306339500       19460303   14001                                       
306339500       19470624   6020               21.30                    
306339500       19480323   4370               19.001                   
306339500       19490404   6400               22.901                   
306339500       19500416  10900               26.37                    
306339500       19510328   7200               25.671                   
306339500       19520407   9740               25.63                    
306339500       19530604   1510               12.49                    
306339500       19540407   3320               17.601                   
306339500       19550313    750               10.371                   
306339500       19560320   23002              19.4012                   
306339500       19570624   1490               12.47                    
306339500       19580327   2000               15.561                   
306339500       19590323   50002              21.731                   
306339500       19600322   2830               18.1412                   
306339500       19610303    117                5.421                   
306339500       19620530   3080               17.121                   
306339500       19630609    779                9.52                    
306339500       19640707    892               10.19                    
306339500       19650527   1950               13.67                    
306339500       19660315   3550               18.261                   
306339500       19670324   4300               20.271                   
306339500       19680302   1100               11.6612                   
306339500       19690404   5410               22.671                   
306339500       19700509  11200               25.84                    
306339500       19710315   2610               18.551                   
306339500       19720314  10200               26.591                   
306339500       19730303   2560               19.221                   
306339500       19740120    980               12.911                   
306339500       19750430   5070               21.76                    
306339500       19760322   1090               11.162                   
306339500       19770618   1230               11.37                    
306339500       19780327   7840               24.84                    
306339500       19790624   2470               15.96                    
306339500       19800614   1540               12.44                    
306339500       19810807    311                7.462                   
306339500       19820331   7440               24.44                    
306339500       19830314   3630               19.021                   
306339500       19840322   2050               14.271                   
306339500       19850313    593                8.63                    
306339500       19860303   4500               21.841                   
306339500       19870322   5000               21.151                   
306339500       19880228    216                6.75                    
306339500       19890315    630                8.351                   
306339500       19900527    560                8.08                    
306339500       19910816   68.0                5.72                    
306339500       19920303    150                6.23                    
306339500       19930307   16002              16.241                   
306339500       19940316    7002              13.631                   
306339500       19950223   15002                                       
306339500       19960410   30001                                       
306339500       19970321   64001              22.09                    
306339500       19980621    865                9.24                    
306339500       19990317   23002              13.862                   
306339500       20000227    5502                                       
306339500       20010314   20002              13.552                   
306339500       20020612   1380               10.53                    
306339500       20030320   25002              14.472                   
306339500       20040310   30002              16.161                   
306339500       20050608   1060                9.58                    
306339500       20060401    360                7.13                    
306339500       20070312   10002              13.661                   
306339500       20080627    374                7.11                    
306339500       20090322  150002              27.73                    
306339500       20100331   3200               15.55                    
306339500       20110407   3470               16.172                   
306339500       20120315    135                6.0525                   
306339500       20130602   4160               17.52                    
306339500       20140818   6640               22.11                    
306339500       20150127   14002              13.071                   
306339500       20160429    495                7.29                    
306339500       20170322    8962              11.232                   
306339500       20180327   22002              13.412                   
306339500       20190322   5030               19.41                    
