Z06344600                       USGS 
H06344600       4701401030310003838007SW10130202152            2512             
N06344600       GREEN RIVER NR NEW HRADEC, ND
Y06344600       
306344600       19640705   3160               16.93                    
306344600       19650408    630                                        
306344600       19660313    520               10.13                    
306344600       19670323   1060               12.49                    
306344600       19680824    579               10.09                    
306344600       19690708   1790               14.68                    
306344600       19700509   4120               16.88                    
306344600       19710611   1680               14.40                    
306344600       19720313   3180               16.63                    
306344600       19730302   1260               13.621                   
306344600       19740520    836               11.48                    
306344600       19750422   1900               14.91                    
306344600       19760319    265                7.58                    
306344600       19770615    4702               9.00                    
306344600       19780326   18002                                       
306344600       19790417   1420               13.772                   
306344600       19800615   1270               13.33                    
306344600       19810815    904               11.82                    
306344600       19820607   1400               13.692                   
306344600       19821029   1000               13.22                    
306344600       19840619   1130               12.89                    
306344600       19850313   23.0                4.3412                   
306344600       19860302   1300               16.181                   
306344600       19870401   1700               14.41                    
306344600       19880228   52.0                5.6212                   
306344600       19890311    485               11.491                   
306344600       19900628   1240               13.10                    
306344600       19910615   88.0                7.48                    
306344600       19920204   15.0                6.78                    
306344600       19930306    270                9.451                   
306344600       19940609    803               11.60                    
306344600       19950825    312                9.19                    
306344600       19960312   1070               12.58                    
306344600       19970321   1400               19.581                   
306344600       19980619    805               11.61                    
306344600       19990316   1470               13.79                    
306344600       20000225   95.0                7.60                    
306344600       20010314   1000               13.111                   
306344600       20020610    750               11.03                    
306344600       20030318   40002              17.141                   
306344600       20040310    4002              11.381                   
306344600       20050608    2302               7.98                    
306344600       20060420    172                8.21                    
306344600       20070514    355                9.48                    
306344600       20080719   8.20                6.62                    
306344600       20090318   13502              17.171                   
306344600       20100330    890               13.331                   
306344600       20110407   1940               15.112                   
306344600       20120313   17.0                6.92                    
306344600       20130531   1880               14.47                    
306344600       20140816   1960               16.32                    
306344600       20150209   10002              12.561                   
306344600       20160925   61.0                7.40                    
306344600       20170318    4432               9.7112                   
306344600       20180326   12002              12.99                    
306344600       20190322   2010               15.50                    
