Z06353000                       USGS 
H06353000       4605301012000003838037SW101302051750           1882.8           
N06353000       CEDAR CREEK NR RALEIGH, ND
Y06353000       
306353000       19390425   13807               7.50                    
306353000       19500418  450007              18.003                   
306353000       19620530   2200                7.37                    
306353000       19630322    323                4.026                   
306353000       19640609   4070                8.48                    
306353000       19650410   1130                5.58                    
306353000       19660315   6000               12.321                   
306353000       19670513   1690                6.342                   
306353000       19680423    281                3.592                   
306353000       19690403   5860               11.30                    
306353000       19700510   3010                8.23                    
306353000       19710320   3460                8.902                   
306353000       19720315   4890               11.60                    
306353000       19730304    750                7.6116                   
306353000       19740213    300                5.691                   
306353000       19750511   4520                9.75                    
306353000       19760624    245                3.512                   
306353000       19770924    816                5.21                    
306353000       19780328  13400               13.702                   
306353000       19790713   3810                8.71                    
306353000       19800604   1180                5.16                    
306353000       19810803    448                3.85                    
306353000       19820414   5440                9.472                   
306353000       19830313   1400                6.811                   
306353000       19840620   1210                5.44                    
306353000       19850317   2500                8.981                   
306353000       19860308   2950                7.58                    
306353000       19870322   8700               12.03                    
306353000       19880630    765                4.57                    
306353000       19890325    900                5.951                   
306353000       19900818    8502               5.681                   
306353000       19910531    126                2.63                    
306353000       19920227   37.02               3.7612                   
306353000       19930703   3290                8.10                    
306353000       19940316   145012                                      
306353000       19950313   30002                                       
306353000       19960409   16002                                       
306353000       19970324  14600               17.051                   
306353000       19980625    693                4.36                    
306353000       19990227   30002                                       
306353000       20000309    449                3.64                    
306353000       20010314   3280                7.762                   
306353000       20020725   61.0                1.682                   
306353000       20030327    252                2.852                   
306353000       20040314   1990                6.432                   
306353000       20050608   1830                5.74                    
306353000       20060818    767                4.26                    
306353000       20070607   2470                6.93                    
306353000       20080625    785                4.30                    
306353000       20090323  160002              20.591                   
306353000       20100403   2170                6.092                   
306353000       20110322   6010                9.16                    
306353000       20120327    120                1.96                    
306353000       20130601   1480                5.17                    
306353000       20140824   3950                7.992                   
306353000       20150624   1360                4.99                    
306353000       20160711   1780                5.78                    
306353000       20170328    411                3.31                    
306353000       20180719    507                3.542                   
306353000       20190328   722012                                      
