Z06354000                       USGS 
H06354000       4622341005604003838059SW101302064100   4100    1674.9           
N06354000       CANNONBALL RIVER AT BREIEN, ND
Y06354000       
306354000       19060606   6760                                        
306354000       19070608   3650                                        
306354000       19080320   4440                                        
306354000       19120402   8030                                        
306354000       19130403   4550                                        
306354000       19140627   5450                                        
306354000       19150604   6410                                        
306354000       19160413   4120                                        
306354000       19170413   1680                                        
306354000       19180318   3700                                        
306354000       19220407   4650                                        
306354000       19240821   2580                                        
306354000       19280914   3380                                        
306354000       19290318   6890                                        
306354000       19300318   3400                                        
306354000       19310622   1220                                        
306354000       19320610  11000                                        
306354000       19330320   2110                                        
306354000       19340608   80.0                                        
306354000       19350712   2920                6.80                    
306354000       19360310   2230                5.802                   
306354000       19370614  14800               14.28                    
306354000       19380709   4850                8.49                    
306354000       19390322   4520                9.061                   
306354000       19400429   1840                5.202                   
306354000       19410611   9060               11.56                    
306354000       19420518   1830                5.00                    
306354000       19430327  28200               17.40                    
306354000       19440406  10200               12.122                   
306354000       19450316   7000               10.152                   
306354000       19460706   2320                5.60                    
306354000       19470326  11000               15.001                   
306354000       19480320  12500                                        
306354000       19490401   8320               10.992                   
306354000       19500419  94800               22.303                   
306354000       19510327  17200               14.80                    
306354000       19520407  21300               15.42                    
306354000       19530529  10100               10.85                    
306354000       19540410   2610                5.06                    
306354000       19550310    720                3.501                   
306354000       19560321   9000               11.101                   
306354000       19570626   5600                8.93                    
306354000       19580330   3000                5.842                   
306354000       19590322   3800                7.0812                   
306354000       19600327   4100                7.46                    
306354000       19610628    374                2.22                    
306354000       19620621   4570                7.34                    
306354000       19630316    900                4.741                   
306354000       19640623   4570                7.49                    
306354000       19650410   2300                5.501                   
306354000       19660317  16100               14.44                    
306354000       19670304   7200               15.021                   
306354000       19680308    580                3.351                   
306354000       19690404  16900               13.91                    
306354000       19700510   9420               10.95                    
306354000       19710317   9370               10.672                   
306354000       19720316  19400               14.40                    
306354000       19730304   2500               10.571                   
306354000       19740421    675                3.5026                   
306354000       19750513   8220               10.70                    
306354000       19760615   1010                3.512                   
306354000       19770615   4060                7.56                    
306354000       19780331  22600               16.38                    
306354000       19790413   6770                9.62                    
306354000       19800608   2560                7.726                   
306354000       19810820   2110                7.15                    
306354000       19820416  13200               15.322                   
306354000       19830306   2200               10.911                   
306354000       19840625   4880                9.882                   
306354000       19850316   4000                9.121                   
306354000       19860304   9940               13.19                    
306354000       19870322  23000               19.361                   
306354000       19880326   10002               5.951                   
306354000       19890327   12002                                       
306354000       19900819    697                5.362                   
306354000       19910620   1970                7.29                    
306354000       19920707    543                4.93                    
306354000       19930716   6040               10.92                    
306354000       19940318   3600                8.53                    
306354000       19950313   8460               13.251                   
306354000       19960408   3000               10.812                   
306354000       19970325  31100               20.82                    
306354000       19980626   1420                7.07                    
306354000       19990814   9870               13.13                    
306354000       20000309   18002               6.86                    
306354000       20010727   6760               11.062                   
306354000       20020705    484                4.36                    
306354000       20030323   1780                6.652                   
306354000       20040313   70002              10.402                   
306354000       20050608   7080               10.97                    
306354000       20060406    814                5.49                    
306354000       20070608   5750               10.67                    
306354000       20080612    909                5.59                    
306354000       20090324  300002              21.841                   
306354000       20100403   7100               11.44                    
306354000       20110322  12400               14.062                   
306354000       20120314    415                4.242                   
306354000       20130526   4390                9.44                    
306354000       20140411   7820               11.712                   
306354000       20150625   2560                8.13                    
306354000       20160712   1940                7.22                    
306354000       20170327   1330                6.222                   
306354000       20180824   3110                8.342                   
306354000       20190328  21900               18.52                    
