Z06453600                       USGS 
H06453600       4248400981033003131107SW10150001812            1232.92          
N06453600       Ponca Creek at Verdel, Nebr.
Y06453600       
306453600       19580708   1800                6.70                    
306453600       19590531    984                5.49                    
306453600       19600327  15700               14.70                    
306453600       19610818   2640                7.453                   
306453600       19620618   59002                                       
306453600       19630727   2060                4.842                   
306453600       19640617  10100               12.75                    
306453600       19650604    840                3.86                    
306453600       19660310   19002               7.801                   
306453600       19670615   3590                7.59                    
306453600       19680625   1150                4.47                    
306453600       19690402   4080                8.08                    
306453600       19700612   1050                4.21                    
306453600       19710330   1730                4.912                   
306453600       19720514   1980                5.742                   
306453600       19730528   1280                4.802                   
306453600       19740610    750                4.102                   
306453600       19750620    385                3.282                   
306453600       19760315    240                2.912                   
306453600       19770809   1730                7.29                    
306453600       19780321   5400               11.15                    
306453600       19790317    400                3.54                    
306453600       19800404    142                2.242                   
306453600       19810621   73.0                1.882                   
306453600       19820223   17309               7.3612                   
306453600       19830502   2320                7.50                    
306453600       19840606   3190               10.14                    
306453600       19850305    827                5.38                    
306453600       19860920   2890                9.672                   
306453600       19870405   1840                7.75                    
306453600       19880304   2000               11.271                   
306453600       19890826    753                6.042                   
306453600       19900604    381                5.082                   
306453600       19910602   1080                6.69                    
306453600       19920712   4220               11.03                    
306453600       19930714   7310               14.662                   
306453600       19940623   1380                8.112                   
306453600       19950528   6760               14.26                    
306453600       19960528   4510               12.032                   
306453600       19970503   1060                7.372                   
306453600       19980707   3000               10.61                    
306453600       19990505   4580               12.18                    
306453600       20000520    244                5.95                    
306453600       20010316   7130               14.36                    
306453600       20020330    418                6.84                    
306453600       20030707    217                6.26                    
306453600       20040301   79.0                5.442                   
306453600       20050611   2240               10.40                    
306453600       20060408   1310                9.00                    
306453600       20070310   4430               12.70                    
306453600       20080606   5680               14.21                    
306453600       20090415    593                6.62                    
306453600       20100612   6440               14.80                    
306453600       20110622   2880               11.402                   
306453600       20120308    386                6.32                    
306453600       20130530    344                5.97                    
306453600       20140611    254                5.692                   
306453600       20150925    207                5.482                   
306453600       20160510   3580               12.09                    
306453600       20170219   1210                8.532                   
306453600       20180719   3360               12.392                   
306453600       20190314   76902              18.261                   
