Z06468250                       USGS 
H06468250       4723590984750003838031SW101600011200   450     1441             
N06468250       JAMES RIVER ABOVE ARROWWOOD LAKE NR KENSAL, ND
Y06468250       
306468250       19860316    763                7.75                    
306468250       19870328   1500               11.481                   
306468250       19880328    1802                                       
306468250       19890409   97.0                3.09                    
306468250       19900703    113                3.36                    
306468250       19910507   4.10                                        
306468250       19920309    4102                                       
306468250       19930729   3400               10.64                    
306468250       19940325   2150                9.49                    
306468250       19950321   2700                9.24                    
306468250       19960418   4620                9.05                    
306468250       19970405   4700               13.0015                   
306468250       19980331   1810                8.66                    
306468250       19990330   3930               10.30                    
306468250       20000716   1300                8.96                    
306468250       20010327   2990               10.41                    
306468250       20020513   78.0                3.22                    
306468250       20030714    373                5.22                    
306468250       20040330   3630               10.28                    
306468250       20050717    451                5.89                    
306468250       20060407    184                3.95                    
306468250       20070323    4602                                       
306468250       20080926   39.0                3.042                   
306468250       20090418   8470               14.7012                   
306468250       20100404   3090               10.23                    
306468250       20110412   7800               14.41                    
306468250       20120416   96.0                3.762                   
306468250       20130504   2800               10.10                    
306468250       20140420    559                6.35                    
306468250       20150607   94.0                3.112                   
306468250       20160905   37.0                2.44                    
306468250       20170402   1470                8.80                    
306468250       20180504    244                5.092                   
306468250       20190408   1030                8.52                    
