Z06464500                       USGS 
H06464500       4301370994649004646123SW101500061129   1121    2050.8           
N06464500       KEYA PAHA R AT WEWELA,SD
Y06464500       
306464500       19390316    378                4.32                    
306464500       19400429    239                3.29                    
306464500       19480320    180                2.35                    
306464500       19490304    420                                        
306464500       19500325   2500               13.501                   
306464500       19510704    262                4.29                    
306464500       19520331   5430               13.08                    
306464500       19530315   2020                7.70                    
306464500       19540322    400                                        
306464500       19550729   1880                7.02                    
306464500       19560319    460                                        
306464500       19570419   2160                7.66                    
306464500       19580727    673                4.18                    
306464500       19590529    497                3.78                    
306464500       19600324   4210               10.56                    
306464500       19610518    156                2.242                   
306464500       19620515   2950                8.53                    
306464500       19630411    296                2.962                   
306464500       19640428    539                3.85                    
306464500       19650509    383                3.14                    
306464500       19660312   1750                8.0612                   
306464500       19670616    960                4.55                    
306464500       19680409    492                3.32                    
306464500       19690324   1500                8.301                   
306464500       19700424    401                3.16                    
306464500       19710314    600                7.761                   
306464500       19720717    803                4.41                    
306464500       19730529    556                3.602                   
306464500       19740610    212                2.472                   
306464500       19750409    328                2.97                    
306464500       19760225   86.0                                        
306464500       19770612   1380                5.65                    
306464500       19780319   2600                                        
306464500       19790617    707                4.112                   
306464500       19800404    200                2.262                   
306464500       19810702    711                4.20                    
306464500       19820616   1700                6.202                   
306464500       19830623   1240                5.35                    
306464500       19840414   1120                4.862                   
306464500       19850316    230                                        
306464500       19860611    727                4.062                   
306464500       19870321   1400                5.59                    
306464500       19880523   1150                5.132                   
306464500       19890316    2402               2.7812                   
306464500       19900525    486                3.28                    
306464500       19910606    807                4.59                    
306464500       19920807    248                2.51                    
306464500       19930309   20002               7.961                   
306464500       19940304   2000                9.67                    
306464500       19950528   1940                6.77                    
306464500       19960529   1480                5.842                   
306464500       19970220   2530                7.872                   
306464500       19980625    935                4.58                    
306464500       19990512   1300                5.26                    
306464500       20000706    591                3.77                    
306464500       20010315   1000                6.751                   
306464500       20020331    532                3.77                    
306464500       20030509    331                3.042                   
306464500       20040610    576                3.73                    
306464500       20050614    707                4.42                    
306464500       20060409    353                3.35                    
306464500       20070505   2200                7.232                   
306464500       20080607   1410                6.17                    
306464500       20090413    485                3.802                   
306464500       20100615   1270                5.602                   
306464500       20110314   1300                7.671                   
306464500       20120307    270                3.361                   
306464500       20130521    457                3.87                    
306464500       20140606    587                4.59                    
306464500       20150926    390                3.72                    
306464500       20160523   1210                5.78                    
306464500       20170521    660                4.362                   
306464500       20180422    985                5.212                   
306464500       20190322   4630                9.90                    
