Z06470800                       USGS 
H06470800       4613310980417003838021SW10160003357    102     1292.4           
N06470800       BEAR CREEK NR OAKES, ND
Y06470800       
306470800       19770328   1.602               3.955                   
306470800       19780324    578               11.061                   
306470800       19790415   1170               11.47                    
306470800       19800325   65.02                                       
306470800       19810623   13.0                4.39                    
306470800       19820403    250                9.891                   
306470800       19830320   35.0                6.411                   
306470800       19840331    600                9.821                   
306470800       19850311   15.0                5.621                   
306470800       19860429    383                9.17                    
306470800       19870321    500               10.011                   
306470800       19880301   20.02                                       
306470800       19890329    500               10.011                   
306470800       19900701   18.0                6.40                    
306470800       19910516    113                7.78                    
306470800       19920310   45.0                6.811                   
306470800       19930729    591               11.02                    
306470800       19940405    319                                        
306470800       19950316    290                8.931                   
306470800       19960412    5502              10.711                   
306470800       19970415   1640               12.052                   
306470800       19980628   1730               11.75                    
306470800       19990512    472                9.37                    
306470800       20000304    1002                                       
306470800       20010407    534                9.57                    
306470800       20020718    120                7.90                    
306470800       20030522    1002                                       
306470800       20040601   48.0                7.15                    
306470800       20050615    201                7.98                    
306470800       20060401    319                8.60                    
306470800       20070507    291                8.46                    
306470800       20080613   30.0                6.71                    
306470800       20090414   1900               12.252                   
306470800       20100323   1280               11.452                   
306470800       20110406   2570               12.90                    
306470800       20120415   64.0                7.11                    
306470800       20130621    517               10.06                    
306470800       20140628    182                7.93                    
306470800       20150615    162                7.82                    
306470800       20160811    232                8.14                    
306470800       20170225    1582               8.1012                   
306470800       20180425    3102               8.59                    
306470800       20190406   2040               12.31                    
