Z06601000                       USGS 
H06601000       4219180962916003131043SW10230001174            1080.45          
N06601000       Omaha Creek at Homer, Nebr.
Y06601000       
306601000       19400604  5100027             32.50        1920          
306601000       19460629   1090                9.403                   
306601000       19470612    939                8.1023                   
306601000       19480227   21002                                       
306601000       19490706   33002              14.803                   
306601000       19500807   3240               14.8423                   
306601000       19510815   29002              14.003                   
306601000       19520523   5950               20.2236                   
306601000       19530608   4760               12.52                    
306601000       19540621  10200               21.41                    
306601000       19550809   1350                5.412                   
306601000       19560626   7580               16.38                    
306601000       19570614  10100               20.35                    
306601000       19580702  14400               23.62                    
306601000       19590531   4150               10.36                    
306601000       19600828   3460               11.31                    
306601000       19610314   2400                7.362                   
306601000       19620521   4800               12.202                   
306601000       19630601   3450                9.50                    
306601000       19640526   2100                6.80                    
306601000       19650930   3240                9.072                   
306601000       19660208   5750               13.66                    
306601000       19670614   6860               15.306                   
306601000       19680625    531                3.17                    
306601000       19690628   5670               13.54                    
306601000       19700902   3180                8.89                    
306601000       19710219  18100               26.47                    
306601000       19720717   4920               17.50                    
306601000       19730709   1540                8.89                    
306601000       19740529   3900               15.34                    
306601000       19750620   4860               17.31                    
306601000       19760215    230                3.281                   
306601000       19770809    878                6.49                    
306601000       19780318   4720               17.60                    
306601000       19790318   2360               12.201                   
306601000       19800530   2850               12.49                    
306601000       19810717   2170               10.36                    
306601000       19820706   3740               14.97                    
306601000       19830618   3900               15.45                    
306601000       19840622   4060               15.82                    
306601000       19850423   3810               14.96                    
306601000       198603     2380Bd             11.05Bd                   
306601000       19870323    650                4.38                    
306601000       19880716   1810                9.14                    
306601000       19890529   30002                                       
306601000       19900616   3660               16.676                   
306601000       19910515   1620               10.05                    
306601000       19920712    748                6.65                    
306601000       19930709   6820               11.36                    
306601000       19940303   4380                9.772                   
306601000       19950528   2970                8.57                    
306601000       19960717  21500               22.30                    
306601000       19970309   1820                8.502                   
306601000       19980706   2430                7.44                    
306601000       19990627   5740               10.14                    
306601000       20000625  12300               13.56                    
306601000       20010314   7690               11.31                    
306601000       20020611   1590                6.44                    
306601000       20030706   4570                9.32                    
306601000       20040611   3970                8.87                    
306601000       20050512    543                4.462                   
306601000       20060617    223                3.58                    
306601000       20070823   2200                8.492                   
306601000       20080605    676                4.892                   
306601000       20090912   2560                7.59                    
306601000       20100627   2650                7.68                    
306601000       20110620   3790                9.29                    
306601000       20120526    760                4.77                    
306601000       20130625    257                3.32                    
306601000       20140630   8640               13.65                    
306601000       20150925    445                3.99                    
306601000       20160823   2060                7.15                    
306601000       20170825    759                4.822                   
306601000       20180626   9890               14.57                    
306601000       20190313  10900               21.41                    
