Z06614800                       USGS 
H06614800       4029461055152000808057SW101800011.54           10390            
N06614800       MICHIGAN RIVER NEAR CAMERON PASS, CO
Y06614800       
306614800       19740618   44.0                3.53                    
306614800       19750705   38.0                3.41                    
306614800       19760605   24.0                3.15                    
306614800       19770609   32.0                3.32                    
306614800       19780627   43.0                3.44                    
306614800       19790628   38.0                3.44                    
306614800       19800625   28.012                                      
306614800       19810606   37.0                3.50                    
306614800       19820701   31.0                3.10                    
306614800       19830707   53.0                3.302                   
306614800       19840630   64.0                3.28                    
306614800       19850608   34.0                3.18                    
306614800       19860704   32.0                3.07                    
306614800       19870517   29.0                3.02                    
306614800       19880610   33.0                3.38                    
306614800       19890616   19.0                3.36                    
306614800       19900622   79.0                3.59                    
306614800       19910615   42.0                3.43                    
306614800       19920613   20.0                3.23                    
306614800       19930629   47.0                3.46                    
306614800       19940604   40.0                3.44                    
306614800       19950712    115                3.69                    
306614800       19960610    103                3.66                    
306614800       19970620   60.0                3.70                    
306614800       19980627   31.0                3.43                    
306614800       19990623   49.0                3.61                    
306614800       20000530   46.0                3.58                    
306614800       20010601   33.0                3.45                    
306614800       20020530   37.0                3.44                    
306614800       20030601   33.012                                      
306614800       20040609   22.0                3.15                    
306614800       20050619   35.0                3.35                    
306614800       20060605   29.0                3.25                    
306614800       20070617   33.0                3.31                    
306614800       20080627   49.0                3.46                    
306614800       20090626   35.0                3.322                   
306614800       20100607   97.0                3.85                    
306614800       20110708   90.0                3.80                    
306614800       20120604   21.0                3.19                    
306614800       20130611   41.0                3.59                    
306614800       20140613   28.0                3.382                   
306614800       20150617   46.09               3.52                    
306614800       20160620   34.09               3.37                    
306614800       20170612   41.39               3.47                    
306614800       20180617   32.8                3.36                    
306614800       20190701   46.5                3.53                    
