Z06622700                       USGS 
H06622700       4122131063112005656007SW1018000237.4           8020             
N06622700       NORTH BRUSH CREEK NEAR SARATOGA, WY
Y06622700       
306622700       19600513    465                4.73                    
306622700       19610525    606                4.92                    
306622700       19620512    735                5.14                    
306622700       19630521    445                4.52                    
306622700       19640607   1120                5.75                    
306622700       19650610    816                5.60                    
306622700       19660508    465                4.86                    
306622700       19670603    662                5.26                    
306622700       19680620    692                5.53                    
306622700       19690521    446                4.89                    
306622700       19700621    588                5.18                    
306622700       19710616    900                4.506                   
306622700       19720603    448                3.52                    
306622700       19730610    680                3.94                    
306622700       19740529    680                4.03                    
306622700       19750607    552                3.68                    
306622700       19760605    372                3.25                    
306622700       19770603    360                3.30                    
306622700       19780615    805                3.57                    
306622700       19790528    530                3.14                    
306622700       19800604    475                3.09                    
306622700       19810608    405                2.96                    
306622700       19820625    680                3.37                    
306622700       19830625   1360                4.23                    
306622700       19840614    763                3.846                   
306622700       19850608    491                4.00                    
306622700       19860610   1120                5.36                    
306622700       19870512    481                3.53                    
306622700       19880529    610                3.82                    
306622700       19890523    290                3.052                   
306622700       19900605    627                3.89                    
306622700       19910601    677                4.08                    
306622700       19920527    456                3.65                    
306622700       19930617    771                4.28                    
306622700       19940516    524                3.86                    
306622700       19950614    986                4.40                    
306622700       19960606    570                4.09                    
306622700       19970601    946                4.59                    
306622700       19980619    552                3.84                    
306622700       19990603    884                4.40                    
306622700       20000523    928                4.45                    
306622700       20010516    696                4.16                    
306622700       20020530    239                3.18                    
306622700       20030531   1180                4.96                    
306622700       20040507    281                3.33                    
306622700       20050530    916                4.46                    
306622700       20060523    831                4.40                    
306622700       20070514    423                3.70                    
306622700       20080603    849                4.43                    
306622700       20090604    784                4.37                    
306622700       20100607   1360                5.38                    
306622700       20110719   1550                5.83                    
306622700       20120706    390                3.67                    
306622700       20130526    542                4.04                    
306622700       20140529    893                4.48                    
306622700       20150602    516                3.82                    
306622700       20160607    848                4.602                   
306622700       20170606    628                4.20                    
306622700       20180523    535                4.03                    
306622700       20190621    794                4.47                    
