Z06746095                       USGS 
H06746095       4032241055256000808069SW101900073.14           9990             
N06746095       JOE WRIGHT CREEK ABOVE JOE WRIGHT RESERVOIR, CO
Y06746095       
306746095       19790615   97.0                1.58                    
306746095       19800623   80.0                1.452                   
306746095       19810604   90.0                1.612                   
306746095       19820618    107                1.662                   
306746095       19830707    238                2.202                   
306746095       19840630    235                2.12                    
306746095       19850608    103                1.522                   
306746095       19860626   76.0                1.32                    
306746095       19870608    116                1.61                    
306746095       19880610    148                1.84                    
306746095       19890528   52.0                4.5326                   
306746095       19900615    145                4.86                    
306746095       19910614    137                5.07                    
306746095       19920521   90.0                4.75                    
306746095       19930617    174                5.312                   
306746095       19940531    126                5.61                    
306746095       19950713    177                5.87                    
306746095       19960611    151                5.722                   
306746095       19970619    135                5.622                   
306746095       19980628    106                5.39                    
306746095       19990628    101                5.312                   
306746095       20000531    160                5.67                    
306746095       20010601   94.0                5.25                    
306746095       20020530   82.0                5.11                    
306746095       20030531    165                5.662                   
306746095       20040617   77.0                5.10                    
306746095       20050621    103                5.27                    
306746095       20060605    123                5.40                    
306746095       20070617    135                5.48                    
306746095       20080626    174                5.622                   
306746095       20090625    143                5.53                    
306746095       20100607    145                5.54                    
306746095       20110709    137                5.49                    
306746095       20120522   43.0                4.76                    
306746095       20130611    187                5.75                    
306746095       20140603    120                5.38                    
306746095       20150611    1316               5.39                    
306746095       20160609   94.069              5.15                    
306746095       20170610    19369              5.73                    
306746095       20180606    1256               5.35                    
306746095       20190630    2206               5.86                    
