Z06803530                       USGS 
H06803530       4100570963239003131109SW10200203120            1104.18          
N06803530       Rock Creek near Ceresco, Nebr.
Y06803530       
306803530       19700611    522                6.11                    
306803530       19710311   2100               10.10                    
306803530       19720501   4120               14.20                    
306803530       19730331   1660                9.70                    
306803530       19731011   2720               12.67                    
306803530       19750623    700                5.60                    
306803530       19760216    132                2.54                    
306803530       19770903   2390               11.53                    
306803530       19780409   1960               10.012                   
306803530       19790303   3000               13.37                    
306803530       19800602   2040               11.526                   
306803530       19810805   3980               16.84                    
306803530       19820615  10800               18.84                    
306803530       19830618   2470               12.51                    
306803530       19840612   5800               17.47                    
306803530       19850719   3160               13.41                    
306803530       19860821   2860               12.50                    
306803530       19870825  23300               19.603                   
306803530       19880929   1550                9.54                    
306803530       19890909   4380               15.59                    
306803530       19900726   6240               17.36                    
306803530       19910709   2120               10.56                    
306803530       19920712   1290                7.81                    
306803530       19930723  15600               18.36                    
306803530       19940623   4860               15.86                    
306803530       19950507   1600                9.13                    
306803530       19960527   3910               14.27                    
306803530       19970218    846                5.796                   
306803530       19980522   6600               20.50                    
306803530       19990627   4000               17.42                    
306803530       20000626    269                5.62                    
306803530       20010531   1040                8.882                   
306803530       20020823    639                8.24                    
306803530       20030504    804                9.11                    
306803530       20040530    630                6.45                    
306803530       20050512   1980               10.41                    
306803530       20060331    764                6.68                    
306803530       20070506   5840               16.85                    
306803530       20080605   3100               13.29                    
306803530       20081022   3670               14.01                    
306803530       20100621   7280               18.12                    
306803530       20110520   1830               10.11                    
306803530       20120415    887                6.64                    
306803530       20130530   3350               13.726                   
306803530       20140512   8350               24.15                    
306803530       20150507   5160               21.30                    
306803530       20160511   3170               17.96                    
306803530       20170520   3750               19.23                    
306803530       20180904   3300               18.24                    
