Z06803510                       USGS 
H06803510       4053350964054003131109SW1020020343.6           1114.73          
N06803510       Little Salt Creek near Lincoln, Nebr.
Y06803510       
306803510       19690416    570                6.45                    
306803510       19700524    560                6.40                    
306803510       19710218    578                6.49                    
306803510       19720501    712                7.05                    
306803510       19730507    720                7.08                    
306803510       19740428   2080                9.182                   
306803510       19750602    402                5.59                    
306803510       19760721    319                5.162                   
306803510       19770903   2350               11.90                    
306803510       19780313   1130                7.76                    
306803510       19790502   3320               11.45                    
306803510       19800602   3190               11.27                    
306803510       19810805    474                8.24                    
306803510       19820615   6520               15.80                    
306803510       19830518   2340               12.92                    
306803510       19840612   7500               16.20                    
306803510       19850719   8000               18.24                    
306803510       19860820   1140               10.46                    
306803510       19870825   7640               20.02                    
306803510       19880521    907                9.58                    
306803510       19890908   4940               17.86                    
306803510       19900726   4470               17.41                    
306803510       19910709    886                9.47                    
306803510       19920713   1090               11.77                    
306803510       19930724   8480               20.58                    
306803510       19940623   1230               10.87                    
306803510       19950507    816                9.15                    
306803510       19960527   1390               13.72                    
306803510       19970625    758                8.77                    
306803510       19980614   1770               13.55                    
306803510       19990630   3300               14.70                    
306803510       20000625    460                5.98                    
306803510       20010505    394                6.282                   
306803510       20020822   1970               14.03                    
306803510       20021004    358                5.98                    
306803510       20040621    339                5.91                    
306803510       20050822    345                6.07                    
306803510       20060818    354                5.85                    
306803510       20070505   3610               15.04                    
306803510       20080611   3220               15.00                    
306803510       20081022    965                8.77                    
306803510       20100621   2670               13.90                    
306803510       20110520    638                7.08                    
306803510       20120415    560                6.79                    
306803510       20130529   2770               14.09                    
306803510       20140604   3260               15.01                    
306803510       20150507   9790               21.65                    
306803510       20160528   1080                9.52                    
306803510       20170520   24302              17.691                   
306803510       20180904   15202              12.151                   
306803510       20190313   19002              15.431                   
