Z06903400                       USGS 
H06903400       4057060931534001919117SW10280201182            917.90           
N06903400       Chariton River near Chariton, IA
Y06903400       
306903400       19470605  110007              21.65                    
306903400       196003    1500027Bd           23.005Bd                   
306903400       19660209   1360               15.90                    
306903400       19670621   4930               19.53                    
306903400       19680423   5660               19.90                    
306903400       19690713   1640               16.77                    
306903400       19700808   6320               20.15                    
306903400       19701009   2080               17.282                   
306903400       19720914   2820               18.08                    
306903400       19730416   2740               18.02                    
306903400       19731012   6300               20.20                    
306903400       19750628   1670               16.82                    
306903400       19760614   5460               20.35                    
306903400       19770827   1490               17.27                    
306903400       19780921   3660               19.79                    
306903400       19790324   1890               17.752                   
306903400       19800602   7000               20.84                    
306903400       19810704  16600               23.14                    
306903400       19820716   4650               19.85                    
306903400       19821009   6530               20.74                    
306903400       19840430   1970               17.072                   
306903400       19850731   5120               19.01                    
306903400       19860517   3460               19.04                    
306903400       19870826   6720               19.62                    
306903400       19871129   1840               16.40                    
306903400       19890909   1200               15.01                    
306903400       19900525   3730               18.31                    
306903400       19910419   6010               19.07                    
306903400       19920915  37700               29.32                    
306903400       19930705  14900               22.60                    
306903400       19940305   1660               16.10                    
306903400       19950508   4120               18.22                    
306903400       19960510   5040               18.30                    
306903400       19970221   3620               17.46                    
306903400       19980507   4240               17.83                    
306903400       19981018   2460               17.41                    
306903400       20000626   1490               16.26                    
306903400       20010514   3030               17.70                    
306903400       20020511   2880               17.98                    
306903400       20030505    748               12.61                    
306903400       20040828   3050               17.78                    
306903400       20050412   2950               17.31                    
306903400       20060501    479               10.34                    
306903400       20070508   6340               19.28                    
306903400       20080728   6410               20.33                    
306903400       20090827   3670               18.65                    
306903400       20100720   6250               20.23                    
306903400       20110627   3550               18.13                    
306903400       20120502   2410               16.86                    
306903400       20130418  10000               20.98                    
306903400       20140910   4640               18.99                    
306903400       20150625   7180               20.79                    
306903400       20151214   3720               18.30                    
306903400       20170406   25802              18.101                   
306903400       20180906   1550               15.272                   
306903400       20190529   6900               19.89                    
