Z06906800                       USGS 
H06906800       3842080925843002929053SW10300103543            652.87           
N06906800       Lamine River near Otterville, MO
Y06906800       
306906800       19880402  24400               19.92                    
306906800       19890821   6940               11.90                    
306906800       19900516  50600               26.55                    
306906800       19910513  22400               21.18                    
306906800       19920215   5960               11.46                    
306906800       19930707  63700               27.81                    
306906800       19940411  64800               27.98                    
306906800       19950518  84900               29.43                    
306906800       19960721  27600               22.99                    
306906800       19970221  32700               24.14                    
306906800       19980726  40700               25.50                    
306906800       19990505  24300               22.04                    
306906800       20000527  12400               16.26                    
306906800       20010606  23200               21.65                    
306906800       20020509  22200               21.25                    
306906800       20030504   9490               14.16                    
306906800       20040305  20800               20.67                    
306906800       20050105  21300               20.91                    
306906800       20060430   2700                8.22                    
306906800       20070630  14700               17.67                    
306906800       20080914  35400               24.63                    
306906800       20090617  21900               21.16                    
306906800       20091009  26000               22.55                    
306906800       20110521  17800               19.31                    
306906800       20120414  18500               19.63                    
306906800       20130601  21000               20.80                    
306906800       20140404  20200               20.42                    
306906800       20150702  26300               22.62                    
306906800       20151227  22300               21.31                    
306906800       20170430  32600               24.12                    
306906800       20180627   8590               14.83                    
306906800       20190522  19200               21.00                    
