Z06917000                       USGS 
H06917000       3800320944214002020011SW10290103314            772.04           
N06917000       L OSAGE R AT FULTON, KS
Y06917000       
306917000       19490708  10000               25.23                    
306917000       19500719  15500               28.50                    
306917000       19510712  15400               28.75                    
306917000       19520202  11000               26.20                    
306917000       19530523    894                7.88                    
306917000       19540502  18200               28.93                    
306917000       19550315   7220               21.70                    
306917000       19551005   8210               23.15                    
306917000       19570517   6370               21.28                    
306917000       19580717  15300               28.43                    
306917000       19590517   1550               10.31                    
306917000       19600506   5680               18.772                   
306917000       19610506  20700               29.38                    
306917000       19611103   7820               24.23                    
306917000       19621002   1300                8.89                    
306917000       19640423   4040               16.35                    
306917000       19650608   5240               19.34                    
306917000       19660412   4320               17.06                    
306917000       19670622   6080               21.57                    
306917000       19671031   5610               20.41                    
306917000       19690701  26300               30.03                    
306917000       19700419  11900               27.18                    
306917000       19710103   6100               21.63                    
306917000       19711215   7050               22.83                    
306917000       19730421  10900               26.69                    
306917000       19740311  11900               27.20                    
306917000       19741104  12600               27.48                    
306917000       19760305   3980               16.23                    
306917000       19770622   5700               21.08                    
306917000       19780524   7090               23.17                    
306917000       19790223   4340               18.11                    
306917000       19800331   7900               24.06                    
306917000       19810524   3480               15.61                    
306917000       19820601   6480               24.11                    
306917000       19830402   7440               23.93                    
306917000       19840319   7550               24.09                    
306917000       19850223  12200               27.52                    
306917000       19851116  11800               27.40                    
306917000       19861003  62800               35.21                    
306917000       19880402  14700               28.31                    
306917000       19890827   4570               18.25                    
306917000       19900315  11600               27.31                    
306917000       19910505   3230               14.43                    
306917000       19920725  10200               25.81                    
306917000       19930925  12800               27.62                    
306917000       19940428  38000               32.61                    
306917000       19950610  14700               28.05                    
306917000       19960708   7280               23.03                    
306917000       19970221  13600               27.64                    
306917000       19980914  17300               28.95                    
306917000       19981004   9230               25.00                    
306917000       20000626   5890               19.96                    
306917000       20010411   6840               22.17                    
306917000       20020525   7000               22.03                    
306917000       20030606   4480               17.26                    
306917000       20040305   9830               25.08                    
306917000       20050826   9240               24.64                    
306917000       20060430   7080               22.85                    
306917000       20070630  53600               32.46                    
306917000       20080914   7220               23.02                    
306917000       20090428  12900               27.92                    
306917000       20100917  11400               27.54                    
306917000       20110225   4830               20.25                    
306917000       20120321   9780               26.73                    
306917000       20130730   9700               26.68                    
306917000       20131101   5000               20.66                    
306917000       20150524   8150               25.36                    
306917000       20160428  10500               27.18                    
306917000       20170430  13300               28.02                    
