Z06934000                       USGS 
H06934000       3823190914911002929151SW102902033180           553.70           
N06934000       Gasconade River near Rich Fountain, MO
Y06934000       
306934000       19220402  27300               16.70                    
306934000       19230317  15200               11.20                    
306934000       19240530  27700               17.20                    
306934000       19241221  29600               18.00                    
306934000       19251109  13500               10.48                    
306934000       19270403  41000               21.63                    
306934000       19280611  51000               22.83                    
306934000       19290509  27900               17.15                    
306934000       19300116  25700               16.30                    
306934000       19310520  11900                9.60                    
306934000       19320125  11900                9.55                    
306934000       19330517  60600               24.05                    
306934000       19340912  17700               12.67                    
306934000       19350314  86000               26.85                    
306934000       19351112   7890                7.92                    
306934000       19370609  30600               18.17                    
306934000       19380220  32400               19.00                    
306934000       19390419  27300               17.38                    
306934000       19400313  14000               11.70                    
306934000       19410422  51000               22.80                    
306934000       19420621  32700               19.10                    
306934000       19421229  74500               25.60                    
306934000       19440302  12600               10.69                    
306934000       19450416  96400               29.13                    
306934000       19460816  67400               25.18                    
306934000       19470428  59700               24.10                    
306934000       19480623  25400               16.64                    
306934000       19490218  27600               17.40                    
306934000       19500514  46400               22.09                    
306934000       19510703  38700               20.50                    
306934000       19511114  20300               14.28                    
306934000       19530424  13800               10.59                    
306934000       19540522   5660                5.94                    
306934000       19550323  24800               15.73                    
306934000       19560602  27700               16.75                    
306934000       19570525  56900               23.70                    
306934000       19580720  43900               21.70                    
306934000       19590530  16100               11.83                    
306934000       19591221  15900               11.70                    
306934000       19610511  60400               24.20                    
306934000       19620323  25300               15.86                    
306934000       19630530  27800               17.50                    
306934000       19640408  23600               15.20                    
306934000       196509    27000Bd             17.195Bd                   
306934000       19821206 1340007              33.27                    
306934000       19850225  65000               24.20                    
306934000       19851121  45000               21.78                    
306934000       19861004  62500               23.966                   
306934000       19871222  37400               18.062                   
306934000       19881128  21900               13.43                    
306934000       19900529  48600               20.90                    
306934000       19910101  30300               15.59                    
306934000       19920422  16100               10.56                    
306934000       19930928 106000               31.28                    
306934000       19931117  65700               24.70                    
306934000       19950504  34600               17.82                    
306934000       19960429  37400               18.55                    
306934000       19961110  32200               17.60                    
306934000       19980322  41200               20.00                    
306934000       19990210  27600               16.00                    
306934000       20000621   5670                6.11                    
306934000       20010227  28400               16.13                    
306934000       20020511  49500               22.17                    
306934000       20030611  13800               10.33                    
306934000       20040307  26600               15.48                    
306934000       20050108  39900               19.86                    
306934000       20060513  28800               16.24                    
306934000       20070416  16600               11.57                    
306934000       20080321 119000               32.64                    
306934000       20090510  28700               16.21                    
306934000       20091101  45100               21.21                    
306934000       20110428  88000               28.65                    
306934000       20120325  47200               21.69                    
306934000       20130808 135000               34.39                    
306934000       20140403  15300               11.01                    
306934000       20150623  52300               22.76                    
306934000       20151230 143000               34.56                    
306934000       20170502 190000               37.47                    
306934000       20180227  47400               21.72                    
306934000       20190505  40600               20.09                    
