Z07057500                       USGS 
H07057500       3637220921453002929153SW11010006561            584.67           
N07057500       North Fork River near Tecumseh, MO
Y07057500       
307057500       19450415  25100               16.70                    
307057500       19460214  15100               12.22                    
307057500       19461110  10700                9.94                    
307057500       19480618   6450                7.46                    
307057500       19490124  20600               14.90                    
307057500       19500104  27400               18.05                    
307057500       19510219   6450                7.47                    
307057500       19520412  10300                9.74                    
307057500       19530418   3920                5.83                    
307057500       19540324   3780                5.67                    
307057500       19550321  25100               16.95                    
307057500       19560515  22100               15.65                    
307057500       19570523  17900               13.60                    
307057500       19580712  11200               10.15                    
307057500       19581116   8150                8.50                    
307057500       19591227   5050                6.56                    
307057500       19610507  18100               13.72                    
307057500       19620122   7810                8.30                    
307057500       19630616   9950                9.53                    
307057500       19640406  12000               10.63                    
307057500       19650404   5050                6.63                    
307057500       19660210  29800               19.05                    
307057500       19670629   3640                5.52                    
307057500       19671222   9590                9.29                    
307057500       19690130  30600               19.33                    
307057500       19700424   8690                8.80                    
307057500       19701027   8330                8.60                    
307057500       19720421  15900               12.60                    
307057500       19730507  17900               13.59                    
307057500       19740422  37900               22.15                    
307057500       19750110  18800               14.28                    
307057500       19760624   4360                6.02                    
307057500       19770328  16400               12.85                    
307057500       19780325  16600               12.94                    
307057500       19790412  14800               12.05                    
307057500       19791109   3250                5.22                    
307057500       19810514   6100                7.50                    
307057500       19820131  10000                9.53                    
307057500       19821203  26700               17.70                    
307057500       19840319   9010                8.98                    
307057500       19850223  61300               26.28                    
307057500       19851119  73100R              28.10                    
307057500       19870216   4330                6.08                    
307057500       19871226  11800               10.52                    
307057500       19890522  14200               11.82                    
307057500       19900503  19400               14.35                    
307057500       19901230   7170                7.99                    
307057500       19911029   5590                6.87                    
307057500       19930925  43200               22.60                    
307057500       19931114  53000               24.59                    
307057500       19950501   7010                7.76                    
307057500       19960511   9250                9.16                    
307057500       19970227  12300               10.88                    
307057500       19980320   9390                9.28                    
307057500       19990207  22300               15.44                    
307057500       20000525   2250                4.56                    
307057500       20010225   7310                7.98                    
307057500       20020508  41900R              22.30                    
307057500       20030429   3410                5.47                    
307057500       20040424  27800               17.68                    
307057500       20050113   6590                7.57                    
307057500       20060510   9430                9.16                    
307057500       20061201  17000               13.01                    
307057500       20080319  44100R              22.79                    
307057500       20090211   9680                9.30                    
307057500       20091030  17400               13.22                    
307057500       20110426  53000R              24.58                    
307057500       20120321  15800               12.42                    
307057500       20130808  30500               18.45                    
307057500       20131222   3110                5.24                    
307057500       20150710  13700               11.42                    
307057500       20151228  53000R              24.59                    
307057500       20170430 189000               41.82                    
307057500       20180225  10000                9.62                    
307057500       20190501  20400               15.18                    
