Z07060710                       USGS 
H07060710       3559300921250000505137SW1101000458.1           434.99           
N07060710       North Sylamore Creek near Fifty Six, AR
Y07060710       
307060710       19660423  14900               16.35                    
307060710       19670514    626                4.58                    
307060710       19680320   5590               10.74                    
307060710       19690129   8240               12.61                    
307060710       19700425   4770               10.06                    
307060710       19710113   1030                5.76                    
307060710       19711210   4570                9.88                    
307060710       19730422  17800               17.61                    
307060710       19731013   8700               13.00                    
307060710       19750222   6300               11.31                    
307060710       19760601    460                3.69                    
307060710       19770327   8990               13.17                    
307060710       19771101    9001                                       
307060710       19790303   5240               10.48                    
307060710       19791223   2360                7.60                    
307060710       19810329    564                3.86                    
307060710       19820131   4380                9.71                    
307060710       19821203  25200               20.60                    
307060710       19840507   5290               10.13                    
307060710       19850330   9800               13.65                    
307060710       19870228    982                5.36                    
307060710       19880402   3140                8.47                    
307060710       19890508   9280               13.32                    
307060710       19900503   9050               12.64                    
307060710       19910429   6890               11.77                    
307060710       19911202   1310                6.02                    
307060710       19930104   4880               10.09                    
307060710       19940222   3140                8.29                    
307060710       19950307   8630               12.63                    
307060710       19960926   1930                6.36                    
307060710       19961106   5480               10.34                    
307060710       19980211   2570                7.27                    
307060710       19981006   3220                8.08                    
307060710       20000527  11300               14.52                    
307060710       20010215   2670                7.54                    
307060710       20020325  11200               14.46                    
307060710       20030517   1330                5.49                    
307060710       20040423   6380               11.38                    
307060710       20050103   2110                6.88                    
307060710       20060504   1840                6.49                    
307060710       20061130   6170               11.22                    
307060710       20080410  28200               19.16                    
307060710       20090614   7030               11.16                    
307060710       20091022   9260               12.44                    
307060710       20110425  10400               13.02                    
307060710       20120321  16700               15.60                    
307060710       20130810   7940               11.73                    
307060710       20140428   2000                6.94                    
307060710       20150511   9470               12.55                    
307060710       20151228  12900               14.14                    
307060710       20170422   3170                8.24                    
