Z07067000                       USGS 
H07067000       3659290910048002929035SW110100081667           443.01           
N07067000       Current River at Van Buren, MO
Y07067000       
307067000       19040326 1530007              29.00                    
307067000       19130326  11500               10.275                   
307067000       19140429  36000               16.455                   
307067000       19150821 125000               25.90                    
307067000       19160131  85000               21.605                   
307067000       19170408  11800               10.355                   
307067000       19180512  29000               14.855                   
307067000       19190604  16000               11.555                   
307067000       19200326  22900               13.455                   
307067000       19210428  22200               13.295                   
307067000       19211120  22100               13.20                    
307067000       19230202  21800               13.20                    
307067000       19240531   9500                9.70                    
307067000       19250429   5800                8.20                    
307067000       19251017   9500                9.67                    
307067000       19270602  35000               16.22                    
307067000       19280610  49300               19.45                    
307067000       19290513  23100               13.48                    
307067000       19300115  22300               13.32                    
307067000       19310308  11000                9.80                    
307067000       19320123   7560                8.76                    
307067000       19330514  56000               19.70                    
307067000       19340915   5720                8.12                    
307067000       19350311  86600               22.84                    
307067000       19351111   6800                8.23                    
307067000       19370115  25100               13.00                    
307067000       19380219  37700               15.66                    
307067000       19390418  45400               17.09                    
307067000       19400419  12000                9.57                    
307067000       19410418   4700                6.47                    
307067000       19411101  14800               10.38                    
307067000       19421228  77000               21.66                    
307067000       19440423  22800               13.11                    
307067000       19450415  60600               19.50                    
307067000       19460815  69400               20.74                    
307067000       19470426  29500               14.53                    
307067000       19480102  19900               12.52                    
307067000       19490125  59200               19.26                    
307067000       19500105  61500               19.90                    
307067000       19510711  24300               13.42                    
307067000       19520312  20400               12.44                    
307067000       19530304   8240                8.34                    
307067000       19540502  10600                9.28                    
307067000       19550321  34300               15.56                    
307067000       19560516  56900               19.34                    
307067000       19570404  51000               19.12                    
307067000       19580324  36600               16.40                    
307067000       19581118  18300               11.98                    
307067000       19591228  27100               14.30                    
307067000       19610508  44400               17.90                    
307067000       19620321  19300               12.27                    
307067000       19630527  25100               13.80                    
307067000       19640406  25600               13.90                    
307067000       19650407  10300                9.03                    
307067000       19660210  88100               23.10                    
307067000       19670127   5630                6.49                    
307067000       19671222  29600               14.93                    
307067000       19690130  82900               22.72                    
307067000       19700420  18700               11.95                    
307067000       19701014  19000               12.00                    
307067000       19720417  32000               15.45                    
307067000       19721103  30300               15.16                    
307067000       19731126  49300               18.80                    
307067000       19750111  48000               18.58                    
307067000       19760704  21600               12.76                    
307067000       19770329  45800               18.18                    
307067000       19780325  32500               15.53                    
307067000       19790412  56700               19.92                    
307067000       19800216   4950                6.07                    
307067000       19810515  17600               11.57                    
307067000       19820201  30600               15.12                    
307067000       19821203  89200               23.89                    
307067000       19840320  26800               14.37                    
307067000       19850224  76400               24.85                    
307067000       19851120  86200               26.53                    
307067000       19861002   9380                7.944                   
307067000       19871227  24200               13.49                    
307067000       19890215  21900               12.78                    
307067000       19900504  29900               15.14                    
307067000       19910414  27000               14.32                    
307067000       19920420  34400               16.33                    
307067000       19930926  43700               18.64                    
307067000       19931115  92900               27.39                    
307067000       19950308  18600               11.81                    
307067000       19960423  23000               13.39                    
307067000       19970228  22600               12.98                    
307067000       19980621  26600               14.40                    
307067000       19990208  38900               17.57                    
307067000       20000219   4840                5.42                    
307067000       20010226  15900               10.54                    
307067000       20020509  67000               22.80                    
307067000       20030426   8800                7.09                    
307067000       20031119  29800               14.33                    
307067000       20050114  16300               10.11                    
307067000       20051116  16600               10.12                    
307067000       20061202  27200               13.56                    
307067000       20080320  82600               25.71                    
307067000       20090212  14000                9.62                    
307067000       20091030  46800               18.54                    
307067000       20110426  60000               21.14                    
307067000       20120323   5240                5.70                    
307067000       20130602  30100               14.64                    
307067000       20140629  24000               12.96                    
307067000       20150711  27400               13.92                    
307067000       20151229  71100               23.12                    
307067000       20170430 179000               37.42                    
307067000       20180225  26000               13.52                    
307067000       20190502  28100               14.09                    
