Z07071500                       USGS 
H07071500       3638550911203002929149SW11010011793            411.25           
N07071500       Eleven Point River near Bardley, MO
Y07071500       
307071500       19150820  440007              19.70                    
307071500       19220331   7560               10.00                    
307071500       19230316   9450               10.60                    
307071500       19240810   1680                3.90                    
307071500       19250613   4400                7.20                    
307071500       19251108   2490                5.10                    
307071500       19270414  40000               18.74                    
307071500       19280613  27200               15.60                    
307071500       19290125   8000                9.50                    
307071500       19300113   5800                8.00                    
307071500       19310806   2640                5.20                    
307071500       19320123   1280                3.60                    
307071500       19330416  10100               10.90                    
307071500       19340915   1190                3.50                    
307071500       19350312  20200               13.70                    
307071500       19351208    900                3.10                    
307071500       19370114  20900               13.90                    
307071500       19380219   9100               10.00                    
307071500       19390417  20900               13.90                    
307071500       19400412   6530                8.30                    
307071500       19410404    976                3.40                    
307071500       19420531  28300               15.70                    
307071500       19430511  25800               15.18                    
307071500       19440423   6840                8.36                    
307071500       19450331  27200               15.50                    
307071500       19460214  11400               10.88                    
307071500       19461212   3100                5.50                    
307071500       19480619   8680                9.54                    
307071500       19490124  33200               16.70                    
307071500       19500104  16200               12.80                    
307071500       19510221   7020                8.50                    
307071500       19511124   9040                9.66                    
307071500       19530418   2530                4.90                    
307071500       19540502  10800               10.60                    
307071500       19550321  12000               11.23                    
307071500       19560516   5420                7.37                    
307071500       19570404  28600               15.76                    
307071500       19580505  10400               10.35                    
307071500       19581117  30100               16.10                    
307071500       19591228   5420                7.41                    
307071500       19610507  16200               12.80                    
307071500       19620226   6720                8.30                    
307071500       19630617   6120                7.94                    
307071500       19640309  16200               12.81                    
307071500       19650416   1750                3.85                    
307071500       19660210  27700               15.56                    
307071500       19670515   1390                3.44                    
307071500       19680420  10400               10.46                    
307071500       19690130  20200               13.88                    
307071500       19700424   6870                8.45                    
307071500       19710114   2470                4.68                    
307071500       19711211  17500               13.19                    
307071500       19730423  16300               12.69                    
307071500       19740423  13100               11.76                    
307071500       19750912   6640                8.25                    
307071500       19760624   7370                8.72                    
307071500       19770328  16500               12.97                    
307071500       19780325   6100                7.89                    
307071500       19790412  11700               11.09                    
307071500       19791224   1940                4.52                    
307071500       19810514   1290                3.39                    
307071500       19820131  12200               11.32                    
307071500       19821203  49800               21.64                    
307071500       19831124   7820                9.56                    
307071500       19841222  25500               16.45                    
307071500       19851120  12700               12.10                    
307071500       19870318   1440                3.84                    
307071500       19880330   8760                9.95                    
307071500       19890214   7280                9.02                    
307071500       19900504   6360                8.40                    
307071500       19910414  19900               15.04                    
307071500       19920420  18100               14.33                    
307071500       19930105  17100               13.00                    
307071500       19931115  28200               17.35                    
307071500       19941105  16500               13.67                    
307071500       19960927   7290                9.033                   
307071500       19970405   7890                9.41                    
307071500       19980320   6290                7.98                    
307071500       19990404   3090                5.53                    
307071500       20000618   1540                3.93                    
307071500       20010225   1340                3.66                    
307071500       20020509  27700               16.43                    
307071500       20030511   1400                3.81                    
307071500       20040425  18400               13.72                    
307071500       20050113   5450                7.62                    
307071500       20051128   4380                6.55                    
307071500       20061201  14300               12.18                    
307071500       20080319  49400               21.33                    
307071500       20090509   2430                5.81                    
307071500       20091030  31400               17.33                    
307071500       20110426  33400               17.83                    
307071500       20120316   2000                5.29                    
307071500       20130811   9020                9.44                    
307071500       20140629   7380                8.63                    
307071500       20150314   6530                8.18                    
307071500       20151229  25200               15.72                    
307071500       20170430 122000               28.66                    
307071500       20180330  10400               10.19                    
307071500       20190502   8390                9.16                    
