Z07083000                       USGS 
H07083000       3910201062319000808065SW1102000123.5           9830             
N07083000       HALFMOON CREEK NEAR MALTA, CO
Y07083000       
307083000       19470621    375                3.46                    
307083000       19480610    242                3.066                   
307083000       19490616    350                3.26                    
307083000       19500617    220                3.00                    
307083000       19510620    218                2.97                    
307083000       19520611    345                3.07                    
307083000       19530614    330                3.13                    
307083000       19540520    104                2.68                    
307083000       19550611    169                2.82                    
307083000       19560602    241                2.92                    
307083000       19570630    450                3.48                    
307083000       19580607    329                3.13                    
307083000       19590616    313                3.42                    
307083000       19600617    320                3.202                   
307083000       19610609    222                3.866                   
307083000       19620630    327                3.97                    
307083000       19630614    123                3.15                    
307083000       19640615    166                3.35                    
307083000       19650704    311                3.642                   
307083000       19660701    188                3.17                    
307083000       19670622    210                3.126                   
307083000       19680620    306                3.33                    
307083000       19690529    191                3.07                    
307083000       19700625    380                3.48                    
307083000       19710624    350                3.42                    
307083000       19720606    272                3.26                    
307083000       19730628    360                3.42                    
307083000       19740618    172                3.05                    
307083000       19750701    235                3.23                    
307083000       19760609    200                3.15                    
307083000       19770608    155                2.98                    
307083000       19780624    329                3.44                    
307083000       19790624    274                3.30                    
307083000       198006      323Bd              3.42Bd                   
307083000       19810609    203                3.17                    
307083000       19820623    209                3.15                    
307083000       19830624    347                3.39                    
307083000       19840630    615                3.77                    
307083000       19850608    575                3.75                    
307083000       19860606    260                3.27                    
307083000       19870608    200                3.09                    
307083000       19880629    215                3.14                    
307083000       19890616    191                3.11                    
307083000       19900610    341                3.38                    
307083000       19910611    223                3.17                    
307083000       19920625    139                2.88                    
307083000       19930614    270                3.31                    
307083000       19940621    235                3.17                    
307083000       19950711    546                3.82                    
307083000       19960621    319                3.39                    
307083000       19970620    339                3.44                    
307083000       19980710    187                3.00                    
307083000       19990623    504                3.74                    
307083000       20000531    245                3.07                    
307083000       20010609    221                3.06                    
307083000       20020530    118                2.67                    
307083000       20030529    286                3.18                    
307083000       20040607    187                2.95                    
307083000       20050620    179                2.94                    
307083000       20060608    281                3.25                    
307083000       20070617    202                3.02                    
307083000       20080618    297                3.29                    
307083000       20090518    196                3.00                    
307083000       20100608    511                3.65                    
307083000       20110709    360                3.36                    
307083000       20120601   89.0                2.49                    
307083000       20130610    268                3.13                    
307083000       20140604    265                3.18                    
307083000       20150617    407                3.50                    
307083000       20160610    254                3.15                    
307083000       20170618    352                3.31                    
307083000       20180525    155                2.82                    
307083000       20190701    446                3.56                    
