Z07196900                       USGS 
H07196900       3552480942911000505143SW1111010340.6           986.47           
N07196900       Baron Fork at Dutch Mills, AR
Y07196900       
307196900       19580712  14800               12.80                    
307196900       19590723   9750               11.02                    
307196900       19600505  12800               12.12                    
307196900       19610716  12600               11.96                    
307196900       19611102   1850                5.96                    
307196900       19630810    174                3.04                    
307196900       19640511   1950                6.30                    
307196900       19650102   1360                5.71                    
307196900       19660209   5950                8.89                    
307196900       19670413   1140                5.53                    
307196900       19680701   4620                8.75                    
307196900       19690129   5540                9.52                    
307196900       19700510   2610                7.51                    
307196900       19701026  15400               13.24                    
307196900       19720713  17100               13.74                    
307196900       19730422  14200               12.86                    
307196900       19740920  16200               13.48                    
307196900       19741103  11800               12.07                    
307196900       19760420  14000               12.80                    
307196900       19770327   7480               10.49                    
307196900       19780618   6550               10.04                    
307196900       19790411  11100               11.94                    
307196900       19800518    644                4.72                    
307196900       19810531   8430               10.91                    
307196900       19820130   3380                8.17                    
307196900       19830514   8680               11.01                    
307196900       19840319   2630                7.55                    
307196900       19850223   5690                9.61                    
307196900       19851118  20900               14.81                    
307196900       19861001  12400               12.39                    
307196900       19871225   5170                8.61                    
307196900       19890612   4660                8.24                    
307196900       19900416  14000               12.79                    
307196900       19910424   4210                7.90                    
307196900       19920804  10900               11.41                    
307196900       19930104  11200               11.50                    
307196900       19931016   5230                8.51                    
307196900       19950420   5470                8.66                    
307196900       19960926  16000               13.35                    
307196900       19970220  12100               11.88                    
307196900       19980104  17500               13.85                    
307196900       19981005  10200               11.08                    
307196900       20000621  20300               14.72                    
307196900       20010614   5000                8.36                    
307196900       20020407   3750                7.49                    
307196900       20030611   1730                5.63                    
307196900       20040424  17000               13.66                    
307196900       20041101   4200                7.82                    
307196900       20060504   3490                7.29                    
307196900       20070705   8500               10.30                    
307196900       20080410  12500               11.90                    
307196900       20090921   6990                8.90                    
307196900       20091009   8890               11.93                    
307196900       20110425  19300               14.80                    
307196900       20111108   4110                6.81                    
307196900       20130418   5640                7.99                    
307196900       20140316   1020                3.92                    
307196900       20150707  15500               13.26                    
307196900       20151227   8770                9.97                    
307196900       20170429  15500               13.29                    
307196900       20180224   6620                8.66                    
307196900       20190623   8910               10.05                    
