Z07261000                       USGS 
H07261000       3517550922414000505045SW11110205169            371.68           
N07261000       Cadron Creek near Guy, AR
Y07261000       
307261000       19550321   6010               13.58                    
307261000       19560218   8070               16.05                    
307261000       19570814  18600               24.95                    
307261000       19580503  10400               18.19                    
307261000       19590214   5430               12.58                    
307261000       19600627   6640               14.14                    
307261000       19610506  15400               21.82                    
307261000       19620227   5990               13.27                    
307261000       19630311   3570               10.11                    
307261000       19640310  10700               18.78                    
307261000       19650922   9120               16.72                    
307261000       19660424  11900               19.07                    
307261000       19661228   3360                9.79                    
307261000       19680514  16900               23.68                    
307261000       19690130  12700               20.35                    
307261000       19700425  10600               18.33                    
307261000       19701027   4720               11.89                    
307261000       19711210   8330               16.20                    
307261000       19730420  13900               21.26                    
307261000       19731204  10800               18.59                    
307261000       19750329  16600               23.49                    
307261000       19760625   7750               15.58                    
307261000       19770328  13000               20.46                    
307261000       19780508   8180               16.05                    
307261000       19790401  16300               23.24                    
307261000       19791224   1870                7.36                    
307261000       19810601   2460                8.42                    
307261000       19820131   8780               16.65                    
307261000       19821204  24200               29.29                    
307261000       19840212   4010               10.91                    
307261000       19841127  10000               17.84                    
307261000       19851127   9710               16.90                    
307261000       19870228   8080               15.49                    
307261000       19871226   8140               15.25                    
307261000       19890215  11800               19.24                    
307261000       19900308   7810               14.73                    
307261000       19910414   9840               16.86                    
307261000       19920420   6350               13.28                    
307261000       19930105   7440               14.53                    
307261000       19940117   4670               11.17                    
307261000       19941105  16200               23.10                    
307261000       19951218   2680                8.51                    
307261000       19961125   4640               11.04                    
307261000       19980308   7290               13.93                    
307261000       19990102   3730                9.92                    
307261000       20000103   5710               12.60                    
307261000       20010216   8190               15.49                    
307261000       20011217  11200               18.53                    
307261000       20030517  16200               21.17                    
307261000       20040422   4920               11.48                    
307261000       20041130   5680               12.34                    
307261000       20060505   6600               13.54                    
307261000       20070115   9860               17.25                    
307261000       20080904  13300               20.58                    
307261000       20090502   9690               17.08                    
307261000       20091225  14100               21.22                    
307261000       20110426  10500               17.87                    
307261000       20120321  11800               19.14                    
307261000       20130113   9740               17.13                    
307261000       20131222   3250                9.65                    
307261000       20150511   7760               15.16                    
307261000       20151228  15000               21.44                    
307261000       20170430  18000               23.57                    
307261000       20180225  10900               18.05                    
307261000       20190212  13900               20.56                    
