Z07263295                       USGS 
H07263295       3452340924628000505105SW1111020746.1           389.51           
N07263295       Maumelle River at Williams Junction, AR
Y07263295       
307263295       19900308   4760               10.90                    
307263295       19910427   1800128                                     
307263295       19911119   3690                9.96                    
307263295       19921215   3750               10.01                    
307263295       19931203   6450               12.19                    
307263295       19950113   2080                8.16                    
307263295       19960607   2620                8.83                    
307263295       19961124   3270                9.54                    
307263295       19980211   5670               10.97                    
307263295       19990102   3670                9.44                    
307263295       20000103   1140                6.19                    
307263295       20010216   4510               10.69                    
307263295       20011217   3730                9.39                    
307263295       20030612   4290                9.81                    
307263295       20040422   4440               10.21                    
307263295       20041101   2980                8.39                    
307263295       20060320   4690               10.20                    
307263295       20070113   5160               10.64                    
307263295       20080903  12800               13.67                    
307263295       20090916  11900               11.88                    
307263295       20091224  10400               11.60                    
307263295       20110501  12600               12.00                    
307263295       20111122   5610               10.29                    
307263295       20130113   4440                9.69                    
307263295       20150511  11700               13.57                    
307263295       20151228  10300               12.93                    
307263295       20170430   8210               11.61                    
307263295       20180221   5810               10.21                    
307263295       20181031  10400               12.14                    
