Z07301500                       USGS 
H07301500       3510050993025004040009SW111203022652   2073    1673.71          
N07301500       North Fork Red River near Carter, OK
Y07301500       
307301500       1904       95002Bm                                     
307301500       1905      188002Bm                                     
307301500       1906       90002Bm                                     
307301500       1907      100002Bm                                     
307301500       1928      1430027Bm                                    
307301500       1930      104002Bm                                     
307301500       1931       43902Bm                                     
307301500       1932       26802Bm                                     
307301500       1935      2800027Bm                                    
307301500       1938       97702Bm                                     
307301500       1939       90802Bm                                     
307301500       1940       40902Bm                                     
307301500       1941      164002Bm                                     
307301500       1942      239002Bm                                     
307301500       1943       70802Bm                                     
307301500       1944      104002Bm                                     
307301500       19450621   6360                8.63                    
307301500       19460531   1580                6.54                    
307301500       19470512  15000               10.37                    
307301500       19480621   7010                8.33                    
307301500       19490507  10400                9.30                    
307301500       19500518  16400               10.34                    
307301500       19510518  18300                9.45                    
307301500       19520422   2010                6.62                    
307301500       19530720   4190                8.20                    
307301500       19540524  12700               11.24                    
307301500       19550519   6910                9.59                    
307301500       19551004   9450               10.14                    
307301500       19570517  25300               11.95                    
307301500       19580621   6660                8.63                    
307301500       19590526  53400               13.42                    
307301500       19600722   7800                9.28                    
307301500       19610607  11200               10.15                    
307301500       19620427  12400               10.72                    
307301500       19630603   2220                7.02                    
307301500       19640614   6000                8.59                    
307301500       19650605   3780                7.81                    
307301500       19651018   6600                8.67                    
307301500       19670413   2980                7.37                    
307301500       19680611   3560                7.70                    
307301500       19681009   7830                9.87                    
307301500       19700419   4790                8.23                    
307301500       19710611   4860                8.26                    
307301500       19720614   6620                9.48                    
307301500       19730425   8520               10.04                    
307301500       19731011   1710                6.91                    
307301500       19750530  10600               10.51                    
307301500       19760417   2390                7.48                    
307301500       19770517  35800               14.98                    
307301500       19780528  13600               11.73                    
307301500       19790609   6140                8.90                    
307301500       19800516   31502                                       
307301500       19810315    505                5.12                    
307301500       19820517  14100               12.58                    
307301500       19830527    7241                                       
307301500       19840611   2410                6.45                    
307301500       19850605   1200                6.05                    
307301500       19860930   4240                8.02                    
307301500       19861003  159005              12.88                    
307301500       19880919  114005              11.68                    
307301500       19890614   57005               9.95                    
307301500       19900530  112005              12.02                    
307301500       19910606   21905               7.05                    
307301500       19920715    7935               5.51                    
307301500       19930508   39605               8.48                    
307301500       19940430    5105               4.79                    
307301500       19950604  348005              15.08                    
307301500       19960915   56205               9.19                    
307301500       19970426   58505               9.432                   
307301500       19980316   36105               7.62                    
307301500       19981101   41305               7.992                   
307301500       20000629   34505               7.42                    
307301500       20010520   58305               9.15                    
307301500       20020706    5135               4.05                    
307301500       20030911   46005               8.37                    
307301500       20040305   25605               6.46                    
307301500       20050613   13405               5.22                    
307301500       20060531    8265               4.53                    
307301500       20070507   98705              10.81                    
307301500       20080912   20405               5.56                    
307301500       20081015   13305               4.73                    
307301500       20100709   36805               7.14                    
307301500       20101023    2215               2.75                    
307301500       20120520   14805               4.97                    
307301500       20130513    2355               2.90                    
307301500       20140609   11305               4.53                    
307301500       20150524  114005              12.62                    
307301500       20160915    4185               7.823                   
307301500       20170927   16605              11.43                    
307301500       20180613    7575               9.12                    
307301500       20190508  150005              18.63                    
