Z07362587                       USGS 
H07362587       3447510925602000505125SW0804020327.0                            
N07362587       Alum Fork Saline River near Reform, AR
Y07362587       
307362587       19900308  13200               15.20                    
307362587       19901221  13500               15.30                    
307362587       19911119   6510               12.55                    
307362587       19921215   5710               12.11                    
307362587       19931203  11100               14.50                    
307362587       19950508   3410               10.55                    
307362587       19960607    684                6.89                    
307362587       19970303   5000               11.69                    
307362587       19980211   5450               11.96                    
307362587       19990102   5480               11.88                    
307362587       20000103   3370               10.43                    
307362587       20010216   6030               12.20                    
307362587       20011217   5340               11.80                    
307362587       20030612   9090               13.67                    
307362587       20040422   4670               11.59                    
307362587       20041123   2550                9.81                    
307362587       20060320   5870               12.25                    
307362587       20070113   5500               12.04                    
307362587       20080903  11800               14.77                    
307362587       20090506   7330               13.00                    
307362587       20091224   7350               13.01                    
307362587       20110501  12300               14.92                    
307362587       20111121   5670               12.14                    
307362587       20130530  15000               15.73                    
307362587       20140609   3870               10.96                    
307362587       20150511   4590               11.40                    
307362587       20151228   8510               13.46                    
307362587       20170430  10400               14.23                    
307362587       20180221   4480               11.30                    
307362587       20181031   7500               12.88                    
