Z07362100                       USGS 
H07362100       3322310924636000505139SW08040201385            97.56            
N07362100       Smackover Creek near Smackover, AR
Y07362100       
307362100       19390204  12200               18.70                    
307362100       19400703   9400               17.80                    
307362100       19410507   4700               15.50                    
307362100       19420427  12200               18.70                    
307362100       19430328   3500               14.50                    
307362100       19440503  10600               18.20                    
307362100       19450403  16500               19.80                    
307362100       19460110   5100               15.80                    
307362100       19470413   4200               15.20                    
307362100       19480324   5800               16.20                    
307362100       19490128   7000               16.80                    
307362100       19500114  14500               19.30                    
307362100       19510209   2300               13.20                    
307362100       19520414   3900               14.90                    
307362100       19530501   7400               17.00                    
307362100       19540505   1600               12.20                    
307362100       19550324   2200               13.10                    
307362100       19560209   2100               13.00                    
307362100       19570429  16000               19.60                    
307362100       19580427  25000               21.21                    
307362100       19590609   3810               14.90                    
307362100       19600305   2930               14.09                    
307362100       19610717  11300               18.65                    
307362100       19611124   8060               16.78                    
307362100       19630501    722                9.69                    
307362100       19640426   5010               15.94                    
307362100       19650213  10300               18.25                    
307362100       19660502  21400               20.93                    
307362100       19670602   1450               12.12                    
307362100       19680519   7250               17.30                    
307362100       19690320   4540               15.41                    
307362100       19700502   5600               16.11                    
307362100       19710725   4080               15.10                    
307362100       19720107   2010               13.23                    
307362100       19721211   9100               17.95                    
307362100       19740608  52700               24.97                    
307362100       19750203  10800               18.25                    
307362100       19760310   7000               16.75                    
307362100       19770330   1760               12.55                    
307362100       19780508   4610               14.84                    
307362100       19790424  10000               17.70                    
307362100       19800415   4930               15.39                    
307362100       19810519   3720               14.59                    
307362100       19820618   3880               14.91                    
307362100       19821228  13500               19.08                    
307362100       19840318   3010               13.63                    
307362100       19841024   8430               16.97                    
307362100       19860628  34200               23.28                    
307362100       19861210   8830               18.00                    
307362100       19871228  18900               20.36                    
307362100       19890702   6980               16.76                    
307362100       19900604  33000               23.18                    
307362100       19910429  29300               22.66                    
307362100       19920311   7700               17.09                    
307362100       19930622   4470               15.16                    
307362100       19940128   3070               14.23                    
307362100       19950120   5110               15.75                    
307362100       19960802   1740               12.66                    
307362100       19970406  41700               24.08                    
307362100       19980109   4010               15.00                    
307362100       19990131  11700               18.57                    
307362100       20000404   2680               13.84                    
307362100       20010601  23600               21.27                    
307362100       20011214  11400               18.46                    
307362100       20030223   4880               15.60                    
307362100       20040302   7350               16.93                    
307362100       20050115   3080               14.24                    
307362100       20060322   3760               14.81                    
307362100       20070116   9350               17.76                    
307362100       20080904   2090               13.14                    
307362100       20090512  11300               18.42                    
307362100       20091031  37700               23.33                    
307362100       20110428   1090               11.41                    
307362100       20120322   6760               16.65                    
307362100       20130603   1390               12.10                    
307362100       20131223   5710               16.10                    
307362100       20150315   6420               16.48                    
307362100       20160310  24200               21.46                    
307362100       20170413   4830               15.23                    
307362100       20180223  11800               18.21                    
307362100       20190408  20900               20.60                    
