Z07376000                       USGS 
H07376000       3030130904038002222063SW08070203247.00         18.65            
N07376000       Tickfaw River at Holden, LA
Y07376000       
307376000       19401217   5740               16.87                    
307376000       19420919   3380               14.81                    
307376000       19430322   9680               19.75                    
307376000       19440401   2340               13.40                    
307376000       19450502   2230               13.17                    
307376000       19460318   3650               15.25                    
307376000       19470403   6640               17.76                    
307376000       19480305   6640               17.82                    
307376000       19490324   6640               17.80                    
307376000       19500609   5740               17.06                    
307376000       19510331   4770               16.24                    
307376000       19520407   1450               10.93                    
307376000       19530520   8400               18.97                    
307376000       19531206   3200               14.44                    
307376000       19550804   5180               16.58                    
307376000       19560314   4610               16.04                    
307376000       19570921   2520               12.83                    
307376000       19571116   4170               15.33                    
307376000       19590604   4750               15.74                    
307376000       19600207   2200               12.05                    
307376000       19610223   7820               18.55                    
307376000       19620429  14500               19.41                    
307376000       19630226    800                6.47                    
307376000       19640305   6200               16.48                    
307376000       19641007   6160               16.47                    
307376000       19660214  12900               19.00                    
307376000       19670415  12000               18.78                    
307376000       19680412   4430               15.13                    
307376000       19690415   6170               16.48                    
307376000       19700305   1340                8.30                    
307376000       19710920   2780               12.65                    
307376000       19711209   6570               16.73                    
307376000       19730326  11200               18.50                    
307376000       19740523  19000               20.37                    
307376000       19750110   6020               16.41                    
307376000       19760327   1470                8.43                    
307376000       19770422  18100               20.18                    
307376000       19771201   9100               17.90                    
307376000       19790423  17600               20.08                    
307376000       19800331  13100               19.04                    
307376000       19810212   1710                7.98                    
307376000       19820220   2960               11.05                    
307376000       19830407  22500               21.04                    
307376000       19831230   2500               10.03                    
307376000       19850228   3910               12.83                    
307376000       19851031   7120               16.33                    
307376000       19870302   5870               16.05                    
307376000       19880404   6030               16.19                    
307376000       19890104   4330               13.48                    
307376000       19900127  13500               19.13                    
307376000       19910512   7250               16.41                    
307376000       19920307   7830               16.75                    
307376000       19930122  18300               20.08                    
307376000       19940130  12800               18.93                    
307376000       19950413  11700               18.63                    
307376000       19951221   7950               16.82                    
307376000       19970227   6550               15.96                    
307376000       19980108   8220               16.97                    
307376000       19990315   6680               16.05                    
307376000       20000914    435                3.17                    
307376000       20010608   7640               16.64                    
307376000       20020929   4910               14.27                    
307376000       20030410   5300               14.75                    
307376000       20040517   8680               17.23                    
307376000       20050203   4250               13.38                    
307376000       20060228   1260                6.85                    
307376000       20070102   5340               13.93                    
307376000       20080904   5140               13.69                    
307376000       20090330   9790               17.48                    
307376000       20091220   5880               14.49                    
307376000       20110311  10700               17.93                    
307376000       20120901   4380               14.81                    
307376000       20130111   9660               18.02                    
307376000       20140224   3940               14.33                    
307376000       20150107   3100               12.68                    
307376000       20160813  35800               22.16                    
307376000       20170123   5240               15.95                    
307376000       20180130   4420               14.82                    
307376000       20181229   6190               16.90                    
