Z07375000                       USGS 
H07375000       3036570901455002222103SW08090201103.00 95.50   61.13            
N07375000       Tchefuncte River near Folsom, LA
Y07375000       
307375000       19440324   2300               16.41                    
307375000       19450318   3390               17.46                    
307375000       19460219   1710               15.60                    
307375000       19470402   9780               20.37                    
307375000       19471210  10500               20.62                    
307375000       19481127  13700               21.59                    
307375000       19500214   6500               19.34                    
307375000       19510329   3710               17.92                    
307375000       19520216    536               11.22                    
307375000       19530503  17000               22.26                    
307375000       19531204   6630               19.40                    
307375000       19550207   1220               14.56                    
307375000       19560205   4980               18.68                    
307375000       19570405   2840               17.21                    
307375000       19571115   3220               17.57                    
307375000       19590602   2440               16.76                    
307375000       19600824   1320               14.69                    
307375000       19610222  16000               22.07                    
307375000       19611114  16100               22.10                    
307375000       19621002   1180               14.11                    
307375000       19640303   5440               19.05                    
307375000       19650218   2420               16.78                    
307375000       19660213   9140               20.48                    
307375000       19670414   6700               19.60                    
307375000       19680103    912               12.81                    
307375000       19690414   4730               18.60                    
307375000       19700305   1060               13.54                    
307375000       19710917   3290               17.62                    
307375000       19720508   7880               20.06                    
307375000       19730325  13800               21.63                    
307375000       19731226  10500               20.83                    
307375000       19750415   7150               19.78                    
307375000       19760104   1030               13.56                    
307375000       19770422  13100               21.47                    
307375000       19771201   2920               17.29                    
307375000       19790423   5210               18.87                    
307375000       19800329   4460               18.44                    
307375000       19810211   3100               17.45                    
307375000       19820203   1520               15.00                    
307375000       19830406  29800               24.12                    
307375000       19831229   2740               17.09                    
307375000       19850226   1740               15.50                    
307375000       19851031    557               10.51                    
307375000       19870228   5350               18.77                    
307375000       19880202  11200               20.96                    
307375000       19890330   4930               18.49                    
307375000       19900126   3490               17.38                    
307375000       19910510   2990               16.77                    
307375000       19920827   6160               19.26                    
307375000       19930121  15300               21.91                    
307375000       19940129   2430               16.01                    
307375000       19950412   7370               19.78                    
307375000       19960128   3300               17.15                    
307375000       19961027   7810               19.94                    
307375000       19980308   5270               18.71                    
307375000       19990315   1480               14.11                    
307375000       19991219    496                9.82                    
307375000       20010314   1710               14.67                    
307375000       20020927  12700               21.56                    
307375000       20030701  10700               20.83                    
307375000       20040516   5700               18.99                    
307375000       20050202   1950               15.19                    
307375000       20060502   1390               13.88                    
307375000       20070101   2840               16.58                    
307375000       20080516   2060               15.41                    
307375000       20090329   3790               17.65                    
307375000       20091219   3120               16.94                    
307375000       20110906   3420               17.30                    
307375000       20120831   86802              20.9012                   
307375000       20130110   3600               18.28                    
307375000       20140531   2690               17.45                    
307375000       20150303   1580               14.96                    
307375000       20160311  43000               25.25                    
307375000       20170122   1960               16.11                    
307375000       20180415   2230               16.72                    
307375000       20181228  17700               22.42                    
