Z08013000                       USGS 
H08013000       3059480924025002222079SW08080203499.00         110.77           
N08013000       Calcasieu River nr Glenmora, LA
Y08013000       
308013000       19440505  19000               16.50                    
308013000       19450404  27400               18.00                    
308013000       19460109  17300               16.20                    
308013000       19470119  20100               16.68                    
308013000       19480213   5100               14.00                    
308013000       19490329  15000               15.80                    
308013000       19500214  31800               18.82                    
308013000       19510105  20100               16.69                    
308013000       19520425  33000               19.02                    
308013000       19530519  59900               21.55                    
308013000       19540504  10100               14.88                    
308013000       19550805  20600               16.93                    
308013000       19560209   6440               14.26                    
308013000       19561226   6580               14.29                    
308013000       19580923  15700               15.98                    
308013000       19590205  10300               14.87                    
308013000       19600227   3840               13.57                    
308013000       19610110  19000               16.64                    
308013000       19611218  13000               15.52                    
308013000       19630103   2440               12.86                    
308013000       19640305  13800               15.64                    
308013000       19650301   6830               14.34                    
308013000       19660212  47100               20.29                    
308013000       19670416  22800               17.29                    
308013000       19680111   7840               14.54                    
308013000       19690510   9780               14.91                    
308013000       19700106   200012                                      
308013000       19701013   2460               12.90                    
308013000       19711207  14800               15.85                    
308013000       19730418  20700               17.02                    
308013000       19740129   82002                                       
308013000       19750506  22500               17.32                    
308013000       19760513   9270               14.98                    
308013000       19770306   8160               14.75                    
308013000       19780127   8690               14.86                    
308013000       19790226   9170               14.96                    
308013000       19800414  15900               16.22                    
308013000       19810608   9370               15.47                    
308013000       19820427   3240               13.73                    
308013000       19821228  46900               20.40                    
308013000       19840214  19400               17.18                    
308013000       19841023  20000               16.92                    
308013000       19851031  25600               17.81                    
308013000       19861127  19100               16.77                    
308013000       19871118  15900               16.23                    
308013000       19890629  47300               20.46                    
308013000       19900121  19600               17.12                    
308013000       19910509  10100               15.58                    
308013000       19911213  12300               15.98                    
308013000       19930411   8200               15.15                    
308013000       19940129  24900               18.48                    
308013000       19950308  27400               18.19                    
308013000       19951222   6000               14.56                    
308013000       19970228  12900               16.09                    
308013000       19980110  16700               16.75                    
308013000       19990407  19800               17.24                    
308013000       20000410   2830               13.49                    
308013000       20010610  15600               16.99                    
308013000       20011130  16800               17.77                    
308013000       20021107  23800               18.44                    
308013000       20040515  22600               18.70                    
308013000       20041126  17100               17.88                    
308013000       20060502   3480               13.97                    
308013000       20061020  16100               17.52                    
308013000       20080225   7830               15.76                    
308013000       20090422   7600               15.06                    
308013000       20091102  11100               16.59                    
308013000       20110310   2380               13.30                    
308013000       20120323  29700               19.09                    
308013000       20130112  10400               16.43                    
308013000       20140403   2580               13.50                    
308013000       20150601   3550               13.722                   
308013000       20160312  44900               20.46                    
308013000       20170404  41900               20.22                    
308013000       20180331  27000               18.77                    
