Z08070200                       USGS 
H08070200       3008420950728004848339SW12040103388    388     0                
N08070200       E Fk San Jacinto Rv nr New Caney, TX
Y08070200       
308070200       197306                        29.60Bd                   
308070200       19850227   2600               15.84                    
308070200       19860611   8030               21.66                    
308070200       19870612   5830               20.07                    
308070200       19871230   1630               12.67                    
308070200       19890519  16100               24.67                    
308070200       19900402   37002                                       
308070200       19910119   2810               16.16                    
308070200       19920207   5640               19.86                    
308070200       19930621   5630               19.31                    
308070200       19940226   2510               13.81                    
308070200       19941019  74100               33.00                    
308070200       19951221   3400               15.40                    
308070200       19970314   2680               14.15                    
308070200       19980108  20600               26.03                    
308070200       19981114  33100               28.70                    
308070200       20000505    987                9.53                    
308070200       20010611  12900               23.44                    
308070200       20011215   7720               20.66                    
308070200       20021107  13300               23.65                    
308070200       20040214   9160               21.55                    
308070200       20041126   5200               18.00                    
308070200       20051214    724                7.52                    
308070200       20061019   9450               21.83                    
308070200       20080914   4830               17.46                    
308070200       20090422   3470               15.22                    
308070200       20091102   3050               14.41                    
308070200       20110125    385                6.01                    
308070200       20120314   3340               15.69                    
308070200       20130223    434                6.41                    
308070200       20131104   2860               15.06                    
308070200       20150515   7200               20.55                    
308070200       20160529  19800               26.63                    
308070200       20170829 12000029             81.156                   
308070200       20180331  11600               66.20                    
308070200       20190919  346009              73.01                    
