Z08202700                       USGS 
H08202700       2922140991715004848325SW12110107168    168     900.88           
N08202700       Seco Ck at Rowe Rh nr D'Hanis, TX
Y08202700       
308202700       18940831                      33.00                    
308202700       191909                        28.00Bd                   
308202700       19320702  358007              28.20                    
308202700       19350531                      35.70                    
308202700       19580617                      32.40                    
308202700       19610618   2940               15.45                    
308202700       19611001   0.00                6.54                    
308202700       19621001   0.00                6.54                    
308202700       19640927   1650               12.62                    
308202700       19650922    745               10.08                    
308202700       19651018   2710               15.03                    
308202700       19670915   5800               15.50                    
308202700       19680511   6400               16.00                    
308202700       19690516   3100               13.00                    
308202700       19691005   1700               11.50                    
308202700       19710813  25100               23.70                    
308202700       19720824  25100               23.70                    
308202700       19730715  30500               26.00                    
308202700       19740830    143                7.99                    
308202700       19750202    193                8.43                    
308202700       19760507   8450               15.70                    
308202700       19770511    568                9.40                    
308202700       19780802   8690               15.83                    
308202700       19790603  24200               23.30                    
308202700       19800907  12400               17.72                    
308202700       19810423  13200               18.09                    
308202700       19811013    440                9.21                    
308202700       19821001   0.00                6.55                    
308202700       19831001   0.00                6.55                    
308202700       19841231  11800               17.43                    
308202700       19851019   6920               14.88                    
308202700       19870529  35800               28.20                    
308202700       19871001   0.00                6.55                    
308202700       19881001   0.00                6.55                    
308202700       19900717   3730               12.88                    
308202700       19910915   3650               12.82                    
308202700       19911221   8430               15.69                    
308202700       19930505  12600               17.80                    
308202700       19931001   0.00                7.35                    
308202700       19950920   52.0                8.23                    
308202700       19951001   0.00                7.35                    
308202700       19970622  51400               30.62                    
308202700       19980823  19200               20.80                    
308202700       19981018  26800               23.56                    
308202700       19991001   0.00                7.10                    
308202700       20001017   3510               12.64                    
308202700       20020705  15300               19.13                    
308202700       20030705   2180               11.67                    
308202700       20040630  43900               28.66                    
308202700       20050911   1320               10.83                    
308202700       20051001   0.00                7.10                    
308202700       20070721  52200               32.64                    
308202700       20071001   0.00                6.53                    
308202700       20081001   0.00                5.16                    
308202700       20100416   7710               16.53                    
308202700       20101001   0.00                4.982                   
308202700       20111001   0.00                4.97                    
308202700       20130427   0.00                5.18                    
308202700       20140526  13500               19.70                    
308202700       20150524  19500               22.39                    
308202700       20160519   8660               17.11                    
308202700       20161001   0.00                                        
308202700       20180909   1520               11.14                    
308202700       20181001   0.00                6.44                    
