Z08269000                       USGS 
H08269000       3626221053013003535055SW1302010166.6          7380              
N08269000       RIO PUEBLO DE TAOS NEAR TAOS, NM
Y08269000       
308269000       19110509    285                3.603                   
308269000       19120522    500                4.553                   
308269000       19130502   80.0                2.353                   
308269000       19150514    260                3.553                   
308269000       19160510    450                                        
308269000       19400517   90.0                1.80                    
308269000       19410514    970                3.90                    
308269000       19420510    725                3.67                    
308269000       19430425    148                2.07                    
308269000       19440516    363                2.75                    
308269000       19450505    383                2.78                    
308269000       19460902   54.0                1.50                    
308269000       19470505    310                2.55                    
308269000       19480525    146                2.07                    
308269000       19490505    182                2.08                    
308269000       19500424   77.0                1.63                    
308269000       19510528   78.0                1.74                    
308269000       195205      260Bd              2.49Bd                   
308269000       195305     75.0Bd              1.80Bd                   
308269000       195405     75.0Bd              1.80Bd                   
308269000       195505      340Bd              2.69Bd                   
308269000       195603      106Bd              1.97Bd                   
308269000       195705      310Bd              2.62Bd                   
308269000       195805      570Bd              2.65Bd                   
308269000       195905     47.0Bd              1.59Bd                   
308269000       196005      118Bd              2.03Bd                   
308269000       196105      220Bd              2.39Bd                   
308269000       196205      200Bd              2.33Bd                   
308269000       19630415   64.0                1.44                    
308269000       19640527   82.0                1.54                    
308269000       19650504    187                1.96                    
308269000       19660804    161                1.85                    
308269000       19670816   59.0                1.432                   
308269000       19680522    120                1.732                   
308269000       19690523    164                1.89                    
308269000       19700513    144                1.84                    
308269000       19710327   20.0                1.062                   
308269000       19720412   20.0                1.012                   
308269000       19730520    515                2.362                   
308269000       19740608    141                1.52                    
308269000       19750516    163                1.57                    
308269000       19760517    107                1.422                   
308269000       19770502   35.0                1.062                   
308269000       19780516    168                1.57                    
308269000       19790526   1050                3.42                    
308269000       19800524    372                2.23                    
308269000       19810603   31.0                0.99                    
308269000       19820522    145                1.67                    
308269000       19830601    474                2.52                    
308269000       19840516    516                2.72                    
308269000       19850504    453                2.55                    
308269000       19860609    246                2.06                    
308269000       19870514    236                2.03                    
308269000       19880520   65.0                1.30                    
308269000       19890422    163                1.75                    
308269000       19900423    108                1.55                    
308269000       19910522    658                2.75                    
308269000       19920414    295                2.19                    
308269000       19930527    271                2.24                    
308269000       19940519    486                2.74                    
308269000       19950523    316                2.45                    
308269000       19960506   46.0                1.21                    
308269000       19970522    235                2.20                    
308269000       19980522    127                1.76                    
308269000       19990510    159                1.88                    
308269000       20000430   36.0                1.11                    
308269000       20010516    181                2.00                    
308269000       20020402   16.0                0.762                   
308269000       20030910    348                2.54                    
308269000       20040919    114                1.66                    
308269000       20050520    349                2.54                    
308269000       20060726    302                2.41                    
308269000       20070829    118                1.69                    
308269000       20080522    204                2.07                    
308269000       20090508    173                1.93                    
308269000       20100510    198                2.01                    
308269000       20110530   56.0                1.23                    
308269000       20120427   84.0                1.42                    
308269000       20130913   37.0                1.05                    
308269000       20140524   81.0                1.41                    
308269000       20150523    179                1.93                    
308269000       20160507   84.0                1.41                    
308269000       20170510    253                2.13                    
308269000       20171001   26.4                0.912                   
308269000       20190429    256                2.16                    
