Z08271000                       USGS 
H08271000       3630291053151003535055SW1302010116.6           8051.44          
N08271000       RIO LUCERO NEAR ARROYO SECO, NM
Y08271000       
308271000       19110601    115                2.003                   
308271000       19111005    270                1.953                   
308271000       19130529   80.0                2.153                   
308271000       19140602    190                2.103                   
308271000       19150612    174                2.253                   
308271000       19340511   63.0                1.8536                   
308271000       19350616    144                2.093                   
308271000       19360505   97.0                1.873                   
308271000       19370517    190                2.373                   
308271000       19380528    169                2.453                   
308271000       19390511   85.0                1.813                   
308271000       19400517    129                2.063                   
308271000       19410513    300                3.123                   
308271000       19420603    264                2.923                   
308271000       19430503    110                1.943                   
308271000       19440601    185                2.553                   
308271000       19450525    184                2.603                   
308271000       19460427   38.0                1.253                   
308271000       19470510    130                2.143                   
308271000       19480522    127                2.113                   
308271000       19490618    160                2.283                   
308271000       19500603   56.0                1.423                   
308271000       19510528    120                2.063                   
308271000       195205      196Bd              2.5036Bd                   
308271000       195305      132Bd              1.803Bd                   
308271000       195405      129Bd              2.023Bd                   
308271000       195505      127Bd              2.003Bd                   
308271000       195603     55.0Bd              1.413Bd                   
308271000       195705      196Bd              2.503Bd                   
308271000       195805      220Bd              2.653Bd                   
308271000       195905     47.0Bd              1.693Bd                   
308271000       196005      118Bd              1.903Bd                   
308271000       19610711    139                2.133                   
308271000       1962        133Bm              2.0936Bm                   
308271000       19630508   49.0                1.383                   
308271000       19640526   75.0                1.6023                   
308271000       19650619    209                1.943                   
308271000       19660804   72.0                1.453                   
308271000       19670717   90.0                1.563                   
308271000       19680811    107                1.623                   
308271000       19690522    137                1.733                   
308271000       19700525   81.0                1.5336                   
308271000       19710819   36.0                1.263                   
308271000       19720611   21.0                1.0823                   
308271000       19730614    256                2.0923                   
308271000       19740608   60.0                1.443                   
308271000       19750607    119                1.713                   
308271000       19760604   68.0                1.513                   
308271000       19770923   32.0                1.2123                   
308271000       19780516   86.0                1.633                   
308271000       19790608    310                2.333                   
308271000       19800611    216                2.183                   
308271000       19810603   51.0                1.423                   
308271000       19820614   98.0                1.723                   
308271000       19830601    190                2.1423                   
308271000       19840524    256                2.363                   
308271000       19850609    180                2.093                   
308271000       19860608    161                1.813                   
308271000       19870610    121                1.803                   
308271000       19880611   64.0                1.523                   
308271000       19890510   82.0                1.623                   
308271000       19900611   84.0                1.633                   
308271000       19910522    266                2.453                   
308271000       19920607    101                1.683                   
308271000       19930620    139                1.923                   
308271000       19940603    215                2.113                   
308271000       19950620    240                3.173                   
308271000       19960516   40.0                2.3036                   
308271000       19970602    128                2.85                    
308271000       19980529    103                2.69                    
308271000       19990524    112                2.73                    
308271000       20000819   32.0                2.25                    
308271000       20010520    138                2.89                    
308271000       20020707   19.0                2.08                    
308271000       20030529   93.0                2.66                    
308271000       20040511   60.0                2.41                    
308271000       20050522    214                3.13                    
308271000       20060809   24.0                2.13                    
308271000       20070529   79.0                2.54                    
308271000       20080602    116                2.79                    
308271000       20090512   85.0                2.64                    
308271000       20100527    128                2.84                    
308271000       20110604   64.0                2.512                   
308271000       20120505   52.0                2.42                    
308271000       20130915   53.02               2.43                    
308271000       20140531   83.0                2.40                    
308271000       20150609    118                2.74                    
308271000       20160605    104                2.67                    
308271000       20170608    147                2.81                    
308271000       20171001   23.4                2.192                   
308271000       20190609    191                2.96                    
