Z08378500                       USGS 
H08378500       3542301054057003535047SW13060001189            7502.94          
N08378500       PECOS RIVER NEAR PECOS, NM
Y08378500       
308378500       19200524   1360                3.57                    
308378500       19210721   1230                3.45                    
308378500       19220505    216                1.98                    
308378500       19240513    7127               3.013                   
308378500       19260601   15707               3.993                   
308378500       19280529    650                3.02                    
308378500       19290921   45002               6.205                   
308378500       19300809    484                2.79                    
308378500       19310924   1390                3.70                    
308378500       19320522    856                3.37                    
308378500       19330624    387                2.78                    
308378500       19340925    274                2.40                    
308378500       19350607    684                3.29                    
308378500       19360506    420                2.77                    
308378500       19370603    744                3.41                    
308378500       19380425    307                2.57                    
308378500       19390511    410                2.76                    
308378500       19400517    495                2.97                    
308378500       19410514   1960                4.57                    
308378500       19420423   1440                4.28                    
308378500       19430502    484                3.20                    
308378500       19440515    778                3.64                    
308378500       19450513    646                3.46                    
308378500       19460822    296                2.83                    
308378500       19470510    690                3.523                   
308378500       19480519    749                3.66                    
308378500       19490515    709                3.56                    
308378500       19500713   80.0                2.07                    
308378500       19510804   1060                4.01                    
308378500       19520609    690                3.67                    
308378500       19530528    645                3.46                    
308378500       19540522    232                2.71                    
308378500       19550819    582                3.36                    
308378500       19560509   94.0                2.22                    
308378500       19570806   1420                4.21                    
308378500       19580527   1370                4.52                    
308378500       19590807    437                3.43                    
308378500       19600610   1050                4.24                    
308378500       19610823    647                3.76                    
308378500       19620512    566                3.64                    
308378500       19630414    225                2.92                    
308378500       19640518    320                3.182                   
308378500       19650619   1100                4.27                    
308378500       19660509    380                3.312                   
308378500       19670810    830                3.92                    
308378500       19680530    550                3.622                   
308378500       19690522    573                3.59                    
308378500       19700517    338                3.16                    
308378500       19710930    278                2.98                    
308378500       19711020    271                2.972                   
308378500       19730521   1560                4.62                    
308378500       19740803    228                2.75                    
308378500       19750521    504                3.38                    
308378500       19760609    334                3.09                    
308378500       19770514    288                3.03                    
308378500       19780517    446                3.253                   
308378500       19790608   2200                4.73                    
308378500       19800609    792                3.56                    
308378500       19810812    432                3.04                    
308378500       19820528    521                3.18                    
308378500       19830601   1280                4.09                    
308378500       19840524   1010                3.81                    
308378500       19850510   1100                3.89                    
308378500       19860609    705                3.38                    
308378500       19870517    912                3.76                    
308378500       19880508    481                3.12                    
308378500       19890423    294                2.77                    
308378500       19900524    427                3.04                    
308378500       19910521   2980                5.12                    
308378500       19920523    712                3.43                    
308378500       19930528   1140                3.91                    
308378500       19940520   1070                3.85                    
308378500       19950618   1950                4.71                    
308378500       19960822    197                2.40                    
308378500       19970607   2060                4.79                    
308378500       19980714    985                3.77                    
308378500       19990524    969                3.75                    
308378500       20000818    316                2.64                    
308378500       20010515    706                3.39                    
308378500       20020724    116                1.96                    
308378500       20030525    420                2.95                    
308378500       20040511    649                3.34                    
308378500       20050522   1430                4.19                    
308378500       20060821    397                2.83                    
308378500       20070806    674                3.34                    
308378500       20080529    612                3.24                    
308378500       20090509    824                4.09                    
308378500       20100729    685                4.01                    
308378500       20110910    115                2.24                    
308378500       20120427    4122               3.435                   
308378500       20130913   2290                6.19                    
308378500       20140922    258                2.84                    
308378500       20150522    869                3.68                    
308378500       20160516    546                3.12                    
308378500       20170929    495                2.962                   
308378500       20171001    461                2.89                    
308378500       20190429    916                3.81                    
