Z08377900                       USGS 
H08377900       3546371053928003535047SW1306000153.2           7890.00          
N08377900       RIO MORA NEAR TERRERO, NM
Y08377900       
308377900       19640522    125                2.273                   
308377900       19650729    451                3.563                   
308377900       19660802    145                2.413                   
308377900       19670814    235                2.853                   
308377900       19680805    395                3.363                   
308377900       19690522    288                3.053                   
308377900       19700517    158                2.473                   
308377900       19710824    145                2.403                   
308377900       19720804   73.0                1.9636                   
308377900       19730521    726                3.68                    
308377900       19740513   66.0                1.78                    
308377900       19750521    239                2.68                    
308377900       19760522    146                2.34                    
308377900       19770509    152                2.32                    
308377900       19780517    245                2.70                    
308377900       19790608    820                4.15                    
308377900       19800609    280                2.79                    
308377900       19810812    178                2.41                    
308377900       19820528    195                2.48                    
308377900       19830601    418                3.11                    
308377900       19840523    297                2.84                    
308377900       19850510    375                3.01                    
308377900       19860605    230                2.62                    
308377900       19870517    387                3.08                    
308377900       19880902    242                2.66                    
308377900       19890310    204                2.60                    
308377900       19900524    195                2.50                    
308377900       19910522    937                4.08                    
308377900       19920526    326                3.66                    
308377900       19930528    371                3.09                    
308377900       19940520    445                3.26                    
308377900       19950619    581                3.71                    
308377900       19960822    135                2.34                    
308377900       19970608    864                3.99                    
308377900       19980520    373                3.05                    
308377900       19990524    393                3.10                    
308377900       20000505    130                2.20                    
308377900       20010516    284                2.805                   
308377900       20020724   99.0                2.03                    
308377900       20030517    115                2.21                    
308377900       20040511    265                2.91                    
308377900       20050521    497                3.45                    
308377900       20060821    284                2.80                    
308377900       20070518    216                2.57                    
308377900       20080529    235                2.64                    
308377900       20090509    281                2.79                    
308377900       20100729    259                2.83                    
308377900       20110910   43.0                1.55                    
308377900       20120427    182                2.41                    
308377900       20130913    713                3.75                    
308377900       20140529    1205               2.14                    
308377900       20150519    2845               2.81                    
308377900       20160516    216                2.65                    
308377900       20170509    179                2.56                    
