Z09035800                       USGS 
H09035800       3948021060133000808049SW140100018.78           8940             
N09035800       DARLING CREEK NEAR LEAL, CO.
Y09035800       
309035800       19660602   34.0                2.98                    
309035800       19670623   71.0                3.20                    
309035800       19680620    224                3.62                    
309035800       19690530    182                3.53                    
309035800       19700624    136                3.39                    
309035800       19710625    150                3.91                    
309035800       19720607    104                3.57                    
309035800       19730626    139                3.89                    
309035800       19740621    125                3.77                    
309035800       19750615   72.0                3.38                    
309035800       19760622   84.0                3.47                    
309035800       19770605   75.0                3.42                    
309035800       19780615    141                3.85                    
309035800       19790623   76.0                3.42                    
309035800       19800612   87.0                3.62                    
309035800       19810608    133                3.89                    
309035800       19820627    104                3.71                    
309035800       19830627    234                4.28                    
309035800       19840630    241                4.30                    
309035800       19850608    164                4.00                    
309035800       19860607    104                3.67                    
309035800       19870609   64.0                3.41                    
309035800       19880611    101                3.63                    
309035800       19890529   49.0                3.33                    
309035800       19900611   67.0                3.45                    
309035800       19910612   82.0                3.53                    
309035800       19920620   48.0                3.31                    
309035800       19930629   86.0                3.50                    
309035800       19940601   51.0                3.19                    
309035800       19950617    165                3.96                    
309035800       19960615   82.0                3.37                    
309035800       19970619    149                5.446                   
309035800       19980710   75.0                5.04                    
309035800       19990623   83.0                5.03                    
309035800       20000530    123                5.072                   
309035800       20010601   76.0                4.86                    
309035800       20020531   31.0                4.49                    
309035800       20030531    113                5.22                    
309035800       20040607   29.0                4.52                    
309035800       20050619   56.0                4.78                    
309035800       20060606   63.0                4.87                    
309035800       20070617   45.0                4.70                    
309035800       20080621   63.0                4.86                    
309035800       20090624   73.0                4.95                    
309035800       20100606    125                5.29                    
309035800       20110708   86.012                                      
