Z09035900                       USGS 
H09035900       3947451060148000808049SW1401000127.4           8950             
N09035900       SOUTH FORK OF WILLIAMS FORK NEAR LEAL, CO
Y09035900       
309035900       19660602    153                3.10                    
309035900       19670623    213                3.25                    
309035900       19680620    3802                                       
309035900       19690530    220                3.14                    
309035900       19700623    268                3.29                    
309035900       19710625    371                3.47                    
309035900       19720606    300                3.152                   
309035900       19730613    318                3.20                    
309035900       19740618    345                3.21                    
309035900       19750624    228                2.962                   
309035900       19760609    215                2.93                    
309035900       19770605    215                2.902                   
309035900       19780615    464                3.37                    
309035900       19790616    249                3.032                   
309035900       19800611    370                3.24                    
309035900       19810609    276                3.192                   
309035900       19820628    355                3.26                    
309035900       19830621    444                3.41                    
309035900       19840630    350                3.29                    
309035900       19850608    345                3.34                    
309035900       19860606    279                3.22                    
309035900       19870609    143                2.77                    
309035900       19880619    375                3.83                    
309035900       19890529    232                3.56                    
309035900       19900611    400                3.87                    
309035900       19910611    325                3.72                    
309035900       19920613    158                3.30                    
309035900       19930616    325                3.71                    
309035900       19940531    325                3.69                    
309035900       19950617    574                4.17                    
309035900       19960622    365                3.80                    
309035900       19970620    453                3.97                    
309035900       19980602    172                3.31                    
309035900       19990625    221                3.46                    
309035900       20000530    318                3.62                    
309035900       20010602    214                3.36                    
309035900       20020530    115                3.05                    
309035900       20030527    415                3.87                    
309035900       20040607    157                3.22                    
309035900       20050622    345                3.74                    
309035900       20060606    318                3.78                    
309035900       20070617    283                3.62                    
309035900       20080620    304                3.69                    
309035900       20090624    278                3.61                    
309035900       20100607    562                4.34                    
309035900       20110708    581                4.65                    
309035900       20120522   93.0                2.982                   
309035900       20130611    475                3.64                    
309035900       20140603    439                3.57                    
309035900       20150612    3819               3.50                    
309035900       20160611    4149               3.49                    
309035900       20170610    3819               3.49                    
309035900       20180525    176                3.12                    
309035900       20190630    486                3.63                    
