Z09034900                       USGS 
H09034900       3945371055421000808049SW140100015.60           10430            
N09034900       BOBTAIL CREEK NEAR JONES PASS, CO
Y09034900       
309034900       19660530   68.0                3.94                    
309034900       19670623   99.0                4.18                    
309034900       19680620    187                4.71                    
309034900       19690530    1452                                       
309034900       19700624    117                4.40                    
309034900       19710624    171                4.68                    
309034900       19720606    128                4.442                   
309034900       19730613    152                4.58                    
309034900       19740618    129                4.352                   
309034900       19750707    141                4.47                    
309034900       19760609   96.0                4.22                    
309034900       19770606    120                4.25                    
309034900       19780624    181                4.602                   
309034900       19790616    112                4.252                   
309034900       19800612    144                4.492                   
309034900       19810609    175                4.56                    
309034900       19820701    135                4.41                    
309034900       19830625    199                4.802                   
309034900       19840630    177                4.732                   
309034900       19850608    195                4.80                    
309034900       19860619    156                4.55                    
309034900       19870609   79.0                4.02                    
309034900       19880628    290                5.19                    
309034900       19890616   96.0                4.17                    
309034900       19900610    150                4.55                    
309034900       19910611    131                4.47                    
309034900       19920620   91.0                4.16                    
309034900       19930629    154                4.632                   
309034900       19940619    119                4.34                    
309034900       19950711    196                4.87                    
309034900       19960621    166                4.712                   
309034900       19970619    188                4.91                    
309034900       19980728    119                4.49                    
309034900       19990623    123                4.52                    
309034900       20000530    136                4.612                   
309034900       20010608   95.0                4.31                    
309034900       20020530   59.0                3.95                    
309034900       20030531    197                4.96                    
309034900       20040607   65.0                3.99                    
309034900       20050619    104                4.38                    
309034900       20060606    124                4.532                   
309034900       20070617    125                4.56                    
309034900       20080619    121                4.522                   
309034900       20090626    128                4.562                   
309034900       20100606    258                5.24                    
309034900       20110708    17012                                      
309034900       20120522   51.0                3.80                    
309034900       20130612    135                4.79                    
309034900       20140603    119                4.65                    
309034900       20150611    1249               4.72                    
309034900       20160622    1549               5.11                    
309034900       20170612    1289               4.74                    
309034900       20180527   75.1                4.13                    
309034900       20190701    125                4.70                    
