Z09047700                       USGS 
H09047700       3935401055819000808117SW140100029.14           9350.00          
N09047700       KEYSTONE GULCH NEAR DILLON, CO.
Y09047700       
309047700       19580605   90.0                2.75                    
309047700       19590609   36.0                2.13                    
309047700       19600605   36.0                2.14                    
309047700       19610731   18.0                1.95                    
309047700       19620512   42.0                2.26                    
309047700       19630509   15.0                1.87                    
309047700       19640527   19.0                1.97                    
309047700       19650617   85.0                2.65                    
309047700       19660424   16.0                1.802                   
309047700       19670606   22.0                1.86                    
309047700       19680606   39.0                2.36                    
309047700       19690526   31.0                2.27                    
309047700       19700526   50.0                2.50                    
309047700       19710619   62.0                2.54                    
309047700       19720605   60.0                2.462                   
309047700       19730613   65.0                2.58                    
309047700       19740528   36.0                2.462                   
309047700       19750615   26.0                2.232                   
309047700       19760610   29.0                2.26                    
309047700       19770531   23.0                2.16                    
309047700       19780615   76.0                2.67                    
309047700       19790614   36.0                2.28                    
309047700       19800611   68.0                2.60                    
309047700       19810606   16.0                2.072                   
309047700       19820605   46.0                2.51                    
309047700       19830627    118                3.01                    
309047700       19840531   85.0                2.71                    
309047700       19850608   47.0                2.49                    
309047700       19860722   50.02               2.48                    
309047700       19870609   24.0                2.20                    
309047700       19880609   50.0                2.52                    
309047700       19890725   35.0                2.39                    
309047700       19900611   46.0                2.49                    
309047700       19910610   36.0                2.48                    
309047700       19920523   23.0                2.40                    
309047700       19930617   57.0                2.76                    
309047700       19940517   27.0                2.49                    
309047700       19950617    311                3.47                    
309047700       19960525    130                3.132                   
309047700       19970604    101                3.17                    
309047700       19980602   21.0                2.47                    
309047700       19990617   37.0                2.66                    
309047700       20000523   62.0                2.77                    
309047700       20010602   43.0                2.59                    
309047700       20020708   7.40                2.12                    
309047700       20030531   86.012                                      
309047700       20040506   9.80                2.232                   
309047700       20050525   23.0                2.462                   
309047700       20060522   38.0                2.50                    
309047700       20070520   59.0                2.702                   
309047700       20080602   59.0                2.82                    
309047700       20090521   42.0                2.70                    
309047700       20100528   39.0                2.482                   
309047700       20110609    106                2.882                   
309047700       20120504   11.0                2.232                   
309047700       20130611   35.0                2.552                   
309047700       20140603    158                3.12                    
309047700       20150611   57.09               2.652                   
309047700       20160609   57.09               2.712                   
309047700       20170610   88.79               2.982                   
309047700       20180517   50.4                2.60                    
309047700       20190608   50.8                2.722                   
