Z09066200                       USGS 
H09066200       3938541061921000808037SW140100036.18           8325             
N09066200       BOOTH CREEK NEAR MINTURN, CO.
Y09066200       
309066200       19650616    1502                                       
309066200       19660507   72.0                3.45                    
309066200       19670524    107                3.66                    
309066200       19680621    182                3.98                    
309066200       19690530    140                3.74                    
309066200       19700521    145                3.70                    
309066200       19710624    160                3.97                    
309066200       19720606    110                3.81                    
309066200       19730627    178                3.742                   
309066200       19740529    158                3.88                    
309066200       19750704    210                4.102                   
309066200       19760609    132                3.71                    
309066200       19770605   99.02               3.50                    
309066200       19780615    355                4.07                    
309066200       19790605    135                3.702                   
309066200       19800611    158                3.762                   
309066200       19810607    320                4.01                    
309066200       19820627    210                3.82                    
309066200       19830625    2302                                       
309066200       19840630    210                3.5426                   
309066200       19850608    235                3.85                    
309066200       19860607   86.01                                       
309066200       19870517   73.0                2.99                    
309066200       19880606    149                3.33                    
309066200       19890618   76.0                3.07                    
309066200       19900608    216                3.43                    
309066200       19910611    150                3.28                    
309066200       19920613   87.0                3.09                    
309066200       19930629    259                3.56                    
309066200       19940601    122                3.28                    
309066200       19950617    11712                                      
309066200       19960606    128                3.262                   
309066200       19970620    169                3.40                    
309066200       19980602    117                3.28                    
309066200       19990625    113                3.20                    
309066200       20000530    13812                                      
309066200       20010601    304                3.61                    
309066200       20020530   90.0                3.36                    
309066200       20030601    21512                                      
309066200       20040607    119                3.55                    
309066200       20050521    172                3.342                   
309066200       20060522    153                3.41                    
309066200       20070617    122                3.33                    
309066200       20080602    190                3.49                    
309066200       20090518    150                3.41                    
309066200       20100606    472                4.04                    
309066200       20110705    283                4.32                    
309066200       20120522   47.0                3.89                    
309066200       20130605    102                4.20                    
309066200       20140528    129                3.70                    
309066200       20150611    144                3.512                   
309066200       20160610    2019               3.58                    
309066200       20170610    1399               3.83                    
309066200       20180525    105                3.71                    
309066200       20190630    207                4.38                    
