Z09066300                       USGS 
H09066300       3938451062254000808037SW140100035.96           8200             
N09066300       MIDDLE CREEK NEAR MINTURN, CO.
Y09066300       
309066300       19650619    105                2.60                    
309066300       19660602   28.0                1.69                    
309066300       19670620   47.0                1.90                    
309066300       19680620    112                2.60                    
309066300       19690530   54.0                2.26                    
309066300       19700626   57.0                2.28                    
309066300       19710621    110                2.65                    
309066300       19720606   61.0                2.41                    
309066300       19730628   90.0                2.43                    
309066300       19740620    116                2.652                   
309066300       19750704   86.0                2.662                   
309066300       19760610   57.0                1.87                    
309066300       19770605   52.0                1.962                   
309066300       19780615   94.0                3.036                   
309066300       19790628   71.0                2.95                    
309066300       19800612   74.0                2.96                    
309066300       19810610   63.0                2.97                    
309066300       19820628   70.0                2.97                    
309066300       19830625    113                3.28                    
309066300       19840630   75.0                2.85                    
309066300       19850608   74.0                2.97                    
309066300       19860606   81.0                2.67                    
309066300       19870608   38.0                2.33                    
309066300       19880608   62.0                2.55                    
309066300       19890530   32.0                2.30                    
309066300       19900608   62.0                2.55                    
309066300       19910615   60.0                2.56                    
309066300       19920613   29.0                2.20                    
309066300       19930621   69.0                2.71                    
309066300       19940601   45.0                2.41                    
309066300       19950711   82.0                2.74                    
309066300       19960620   91.0                2.69                    
309066300       19970604   85.0                2.76                    
309066300       19980602   48.0                2.33                    
309066300       19990622   72.0                2.50                    
309066300       20000530    104                2.75                    
309066300       20010603   45.0                2.50                    
309066300       20020531   23.0                2.15                    
309066300       20030601    180                3.03                    
309066300       20040607   45.0                3.35                    
309066300       20050525   44.0                3.492                   
309066300       20060606   52.0                3.51                    
309066300       20070617   47.0                3.40                    
309066300       20080618   64.0                3.55                    
309066300       20090601   57.0                3.50                    
309066300       20100608   71.0                3.52                    
309066300       20110705    260                4.84                    
309066300       20120601   20.0                2.992                   
309066300       20130611   46.0                3.61                    
309066300       20140604   61.012                                      
309066300       20150610   80.0                4.06                    
309066300       20160610    1169               4.03                    
309066300       20170611   90.09               3.67                    
309066300       20180525   68.7                3.50                    
309066300       20190630    1782                                       
