Z09066000                       USGS 
H09066000       3935471061552000808037SW1401000312.5           9150.00          
N09066000       BLACK GORE CREEK NEAR MINTURN, CO.
Y09066000       
309066000       19480522    300                5.15                    
309066000       19490611    227                4.84                    
309066000       19500601    240                4.89                    
309066000       19510619    234                4.83                    
309066000       19520607    365                5.42                    
309066000       19530612    262                5.00                    
309066000       19540517   94.0                4.05                    
309066000       19550514    147                4.31                    
309066000       19560522    2002                                       
309066000       19640607    168                4.372                   
309066000       19650616    340                4.90                    
309066000       19660522    153                4.19                    
309066000       19670524    218                4.332                   
309066000       19680605    220                4.352                   
309066000       19690526    165                4.102                   
309066000       19700527    255                4.39                    
309066000       19710617    182                4.17                    
309066000       19720601    222                4.32                    
309066000       19730612    220                4.29                    
309066000       19740529    222                4.17                    
309066000       19750615    205                4.102                   
309066000       19760604    161                3.92                    
309066000       19770601   92.0                3.42                    
309066000       19780615    320                4.42                    
309066000       19790615    225                4.02                    
309066000       19800610    238                4.02                    
309066000       19810606    104                3.40                    
309066000       19820609    179                3.80                    
309066000       19830626    327                4.43                    
309066000       19840524    275                4.80                    
309066000       19850608    269                4.69                    
309066000       19860604    228                4.47                    
309066000       19870516    1101                                       
309066000       19880606    150                4.00                    
309066000       19890529    131                3.92                    
309066000       19900606    235                4.28                    
309066000       19910606    172                3.97                    
309066000       19920521    108                4.01                    
309066000       19930614    255                4.64                    
309066000       19940519    114                4.18                    
309066000       19950617    370                5.06                    
309066000       19960518    255                4.91                    
309066000       19970604    302                5.03                    
309066000       19980710    232                4.80                    
309066000       19990615    163                4.43                    
309066000       20000529    302                4.94                    
309066000       20010527    147                4.40                    
309066000       20020521   57.0                3.68                    
309066000       20030601    310                5.21                    
309066000       20040520   66.0                3.87                    
309066000       20050523    160                4.49                    
309066000       20060522    196                4.67                    
309066000       20070519    122                4.23                    
309066000       20080602    194                4.71                    
309066000       20090604    167                4.68                    
309066000       20100607    225                5.04                    
309066000       20110616    361                5.09                    
309066000       20120523   38.0                3.46                    
309066000       20130609    183                4.44                    
309066000       20140603    273                4.80                    
309066000       20150611    2179               4.51                    
309066000       20160610    2229               4.53                    
309066000       20170608    2229               4.53                    
309066000       20180525    126                4.07                    
309066000       20190630    418                5.17                    
