Z09065500                       USGS 
H09065500       3937331061639000808037SW1401000314.5           8600             
N09065500       GORE CREEK AT UPPER STATION, NEAR MINTURN, CO.
Y09065500       
309065500       19480521    307                5.47                    
309065500       19490616    326                5.71                    
309065500       19500616    331                5.92                    
309065500       19510618    514                6.65                    
309065500       19520610    588                6.58                    
309065500       19530613    430                3.60                    
309065500       19540520    320                3.10                    
309065500       19550612    158                3.10                    
309065500       19560602    350                2.60                    
309065500       19640607    232                3.17                    
309065500       19650616    384                3.40                    
309065500       19660525    169                3.34                    
309065500       19670625    320                3.68                    
309065500       19680620    400                3.872                   
309065500       19690526    226                3.44                    
309065500       19700619    324                3.75                    
309065500       19710621    255                4.30                    
309065500       19720611    273                2.406                   
309065500       19730610    530                3.73                    
309065500       19740529    357                2.96                    
309065500       19750704    485                3.44                    
309065500       19760609    333                2.12                    
309065500       19770605    284                2.98                    
309065500       19780610    515                3.58                    
309065500       19790606    417                3.12                    
309065500       19800611    397                3.00                    
309065500       19810606    551                2.406                   
309065500       19820628    450                2.08                    
309065500       19830624    662                2.60                    
309065500       19840710    430                2.46                    
309065500       19850608    558                2.27                    
309065500       19860606    242                1.53                    
309065500       19870516    260                1.62                    
309065500       19880608    319                1.85                    
309065500       19890529    200                1.49                    
309065500       19900607    592                2.45                    
309065500       19910615    504                2.28                    
309065500       19920520    132                3.136                   
309065500       19930629    272                3.42                    
309065500       19940530    209                3.28                    
309065500       19950711    311                3.51                    
309065500       19960622    418                3.62                    
309065500       19970619    452                3.66                    
309065500       19980602    255                3.38                    
309065500       19990625    18012                                      
309065500       20000529    435                3.66                    
309065500       20010601    266                3.43                    
309065500       20020531    238                3.35                    
309065500       20030531    526                3.74                    
309065500       20040607    260                3.42                    
309065500       20050522    372                3.57                    
309065500       20060606    427                3.63                    
309065500       20070617    315                3.51                    
309065500       20080618    507                3.72                    
309065500       20090518    290                3.54                    
309065500       20100606    856                4.83                    
309065500       20110718    856                4.97                    
309065500       20120522    104                4.71                    
309065500       20130605    273                5.02                    
309065500       20140530    280                4.86                    
309065500       20150611    2899               4.85                    
309065500       20160610    3179               4.98                    
309065500       20170608    294                4.78                    
309065500       20180525    200                4.48                    
309065500       201906      8002Bd                                     
