Z09081600                       USGS 
H09081600       3913571071339000808097SW14010004167            6905             
N09081600       CRYSTAL RIVER ABV AVALANCHE CRK, NEAR REDSTONE, CO
Y09081600       
309081600       19560602   2400                4.52                    
309081600       19570701   3980                5.65                    
309081600       19580606   2890                4.90                    
309081600       19590614   2100                4.28                    
309081600       19600604   1760                4.01                    
309081600       19610609   2270                4.72                    
309081600       19620627   2620                5.05                    
309081600       19630520   1410                4.21                    
309081600       19640521   2240                4.85                    
309081600       19650621   2780                5.22                    
309081600       19660602   1250                4.12                    
309081600       19670523   2580                5.12                    
309081600       19680621   2690                5.18                    
309081600       19690527   1930                4.70                    
309081600       19700626   1980                4.70                    
309081600       19710622   2140                5.01                    
309081600       19720607   2080                4.81                    
309081600       19730628   2980                5.39                    
309081600       19740529   1850                4.68                    
309081600       19750703   2580                5.14                    
309081600       19760610   1910                4.73                    
309081600       19770724   1730                4.52                    
309081600       19780625   2330                4.99                    
309081600       19790528   2630                5.022                   
309081600       19800611   2900                5.19                    
309081600       19810609   1940                4.57                    
309081600       19820628   2110                4.76                    
309081600       19830625   4180                6.12                    
309081600       19840524   3080                5.39                    
309081600       19850609   3200                5.57                    
309081600       19860606   2900                5.32                    
309081600       19870517   1670                4.21                    
309081600       19880607   1790                4.33                    
309081600       19890616   1350                3.86                    
309081600       19900610   1700                4.24                    
309081600       19910615   2270                4.45                    
309081600       19920527   1420                3.76                    
309081600       19930630   3060                4.93                    
309081600       19940601   1920                4.20                    
309081600       19950615   3430                5.46                    
309081600       19960516   1770                4.08                    
309081600       19970602   2450                4.57                    
309081600       19980630   1910                4.01                    
309081600       19990622   1750                3.97                    
309081600       20000530   2010                4.34                    
309081600       20010602   1430                3.79                    
309081600       20020601   1080                3.41                    
309081600       20030529   2630                4.92                    
309081600       20040608   1640                3.97                    
309081600       20050523   2330                4.75                    
309081600       20060523   1900                4.23                    
309081600       20070515   1540                3.77                    
309081600       20080619   2780                4.76                    
309081600       20090518   2470                4.51                    
309081600       20100610   4840                6.01                    
309081600       20110625   3790                5.21                    
309081600       20120522    953                2.832                   
309081600       20130611   2030                4.03                    
309081600       20140602   2220                4.28                    
309081600       20150611   3020                4.92                    
309081600       20160610   2340                4.38                    
309081600       20170618   2300                4.35                    
309081600       20180526   1210                3.24                    
309081600       20190701   3140                4.99                    
