Z09107000                       USGS 
H09107000       3851371063358000808051SW14020001128            9340.00          
N09107000       TAYLOR RIVER AT TAYLOR PARK, CO.
Y09107000       
309107000       19300530    724                2.56                    
309107000       19310603    346                1.88                    
309107000       19320626    774                2.52                    
309107000       19330531   1020                2.80                    
309107000       19340509    304                1.90                    
309107000       19880606    447                2.916                   
309107000       19890530    496                3.05                    
309107000       19900606    658                3.23                    
309107000       19910615    670                3.22                    
309107000       19920521    330                2.52                    
309107000       19930617    904                3.56                    
309107000       19940602    816                3.16                    
309107000       19950618   1400                4.08                    
309107000       19960523    758                3.36                    
309107000       19970605   1040                3.60                    
309107000       19980603    513                2.97                    
309107000       19990610    724                3.31                    
309107000       20000529    767                3.09                    
309107000       20010602    524                2.82                    
309107000       20020519    227                2.14                    
309107000       20030528    946                3.33                    
309107000       20040607    455                2.56                    
309107000       20050525    679                3.16                    
309107000       20060523    648                3.02                    
309107000       20070520    574                2.86                    
309107000       20080619   1130                3.63                    
309107000       20090519    952                3.42                    
309107000       20100607    928                3.39                    
309107000       20110617    952                3.42                    
309107000       20120523    234                2.09                    
309107000       20130606    590                2.88                    
309107000       20140602    837                3.37                    
309107000       20150612    816                3.33                    
309107000       20160610    756                3.14                    
309107000       20170611    911                3.34                    
309107000       20180517    394                2.53                    
309107000       20190615    980                3.43                    
