Z09210500                       USGS 
H09210500       4205441102457005656023SW14040101152            6950             
N09210500       FONTENELLE C NR HERSCHLER RANCH, NR FONTENELLE, WY
Y09210500       
309210500       19520429    728                6.35                    
309210500       19530614    343                5.11                    
309210500       19540522    328                5.05                    
309210500       19550525    272                4.74                    
309210500       19560529    494                5.602                   
309210500       19570607    511                5.66                    
309210500       19580515    717                6.35                    
309210500       19590616    266                4.66                    
309210500       19600405    516                5.68                    
309210500       19610704    182                4.31                    
309210500       19620428    682                6.45                    
309210500       19630524    525                6.21                    
309210500       19640607    417                5.33                    
309210500       19650613    821                6.87                    
309210500       19660510    400                5.25                    
309210500       19670614    473                5.79                    
309210500       19680606    486                6.24                    
309210500       19690616    605                6.28                    
309210500       19700613    291                6.96                    
309210500       19710611    688                8.99                    
309210500       19720607    721                9.13                    
309210500       19730520    346                7.31                    
309210500       19740605    409                7.69                    
309210500       19750618    569                8.41                    
309210500       19760522    664                8.88                    
309210500       19770818    103                5.862                   
309210500       19780616    555                8.03                    
309210500       19790529    404                7.36                    
309210500       19800501    904                9.33                    
309210500       19810603    115                6.182                   
309210500       19820528    503                7.83                    
309210500       19830527    814                9.20                    
309210500       19840512    741                8.95                    
309210500       19850409    269                6.92                    
309210500       19860423    907                9.51                    
309210500       19870407    392                7.56                    
309210500       19880517    242                6.78                    
309210500       19890421    323                7.17                    
309210500       19900428    258                6.85                    
309210500       19910607    275                6.89                    
309210500       19920509    116                6.00                    
309210500       19930522    3195               7.18                    
309210500       19940514    1325               6.092                   
309210500       19950614    8095               9.17                    
309210500       19960611    4865               8.23                    
309210500       19970609    5655               8.56                    
309210500       19980617    5245               8.14                    
309210500       19990430    7735               9.50                    
309210500       20000525    2605               6.952                   
309210500       20010516    1685               6.422                   
309210500       20020601    1875               6.572                   
309210500       20030517    4065               7.70                    
309210500       20040529    1965               6.62                    
309210500       20050524    5355               8.41                    
309210500       20060521    4495               7.85                    
309210500       20070521    1765               6.482                   
309210500       20080521    3295               7.42                    
309210500       20090603    5655               8.60                    
309210500       20100613    3625               7.53                    
309210500       20110616    7225               9.01                    
309210500       20120401    1845               6.66                    
309210500       20130516    1895               6.71                    
309210500       20140530    5685               8.73                    
309210500       20150611    3795               7.66                    
309210500       20160507    5435               8.27                    
309210500       20170513    7475               9.84                    
309210500       20180513    2955               7.24                    
309210500       20190524    5615               8.89                    
