Z09223000                       USGS 
H09223000       4206391104233005656023SW14040107128            7455             
N09223000       HAMS FORK BELOW POLE CREEK, NEAR FRONTIER, WY
Y09223000       
309223000       19530614    664                6.44                    
309223000       19540514    636                6.36                    
309223000       19550507    504                5.92                    
309223000       19560525   1010                7.36                    
309223000       19570607   1010                7.69                    
309223000       19580522   1000                7.41                    
309223000       19590514    444                5.83                    
309223000       19600513    744                6.72                    
309223000       19610527    240                5.01                    
309223000       19620604    594                6.34                    
309223000       19630524    767                6.83                    
309223000       19640527    866                7.04                    
309223000       19650608   1030                7.32                    
309223000       19660510    840                6.85                    
309223000       19670525   1110                7.47                    
309223000       19680605    900                7.00                    
309223000       19690510    768                6.68                    
309223000       19700528    864                6.72                    
309223000       19710528   1520                8.10                    
309223000       19720606   1100                7.453                   
309223000       19730520    872                6.88                    
309223000       19740529   1010                7.22                    
309223000       19750607   1030                7.28                    
309223000       19760515    972                7.09                    
309223000       19770521   48.0                4.172                   
309223000       19780610   1050                7.32                    
309223000       19790529    764                6.63                    
309223000       19800524    956                7.032                   
309223000       19810529    326                4.713                   
309223000       19820527   1180                7.21                    
309223000       19830527   1430                7.82                    
309223000       19840531   1580                7.28                    
309223000       19850504    715                6.01                    
309223000       19860605   2230                6.72                    
309223000       19870407    582                5.27                    
309223000       19880527    383                4.36                    
309223000       19890511    531                4.66                    
309223000       19900428    402                4.37                    
309223000       19910523    605                4.77                    
309223000       19920501    230                3.802                   
309223000       19930522   1280                5.84                    
309223000       19940514    386                4.21                    
309223000       19950606    840                5.22                    
309223000       19960517   1200                5.74                    
309223000       19970517   1290                5.83                    
309223000       19980616    595                4.69                    
309223000       19990525   1180                5.71                    
309223000       20000505    412                4.10                    
309223000       20010516    351                3.93                    
309223000       20020601    279                3.72                    
309223000       20030530    391                4.04                    
309223000       20040529    31012                                      
309223000       20050521   1190                5.622                   
309223000       20060520    843                5.13                    
309223000       20070521    319                3.842                   
309223000       20080520    933                5.24                    
309223000       20090520    664                4.75                    
309223000       20100611    657                4.712                   
309223000       20110616   1270                5.89                    
309223000       20120427    434                4.232                   
309223000       20130515    488                4.41                    
309223000       20140529   1100                5.51                    
309223000       20150509    510                4.54                    
309223000       20160507    974                5.40                    
309223000       20170513   1240                5.92                    
309223000       20180511    578                4.822                   
309223000       20190607    686                4.94                    
