Z09306242                       USGS 
H09306242       3955131082820000808103SW1405000631.8           6580             
N09306242       CORRAL GULCH NEAR RANGELY, CO
Y09306242       
309306242       19740517   2.10                2.06                    
309306242       19750914   22.0                2.49                    
309306242       19760402   9.60                1.95                    
309306242       19770723    183                3.89                    
309306242       19780605   16.0                2.35                    
309306242       19790527   48.0                2.93                    
309306242       19800218   18.0                2.52                    
309306242       19810907    349                4.08                    
309306242       19820802   31.0                2.92                    
309306242       19830601    620                4.45                    
309306242       19840818   1780                6.12                    
309306242       19850719    191                3.72                    
309306242       19860706    120                3.44                    
309306242       19870503   22.0                2.94                    
309306242       19880803   17.0                2.33                    
309306242       19890728   35.0                2.69                    
309306242       19900904   99.0                3.32                    
309306242       19910803   2.20                1.60                    
309306242       19920817   53.0                2.93                    
309306242       19930520   19.0                2.61                    
309306242       19931008   2.30                1.542                   
309306242       19950821    111                3.40                    
309306242       19960311   4.50                1.85                    
309306242       19970827    131                3.53                    
309306242       19980505   39.0                3.15                    
309306242       19990729   14.0                2.26                    
309306242       20000825   16.0                2.41                    
309306242       20010809   31.0                2.92                    
309306242       20020907   46.0                3.36                    
309306242       20030311   19.0                2.51                    
309306242       20040818   33.0                3.00                    
309306242       20050512   3.40                1.62                    
309306242       20060228   1.3012                                      
309306242       20070308   11.0                2.12                    
309306242       20080523   10.0                2.22                    
309306242       20090523   47.0                3.35                    
309306242       20100729   1.00                1.33                    
309306242       20110828   24.0                2.72                    
309306242       20111005   3.30                1.64                    
309306242       20130915   44.0                3.30                    
309306242       20140922   6.10                1.81                    
309306242       20150604   2.30                1.55                    
309306242       20160512   17.0                2.40                    
309306242       20170210   4.07                1.67                    
309306242       20171110   0.48                1.22                    
309306242       20190306   7.00                1.86                    
