Z09312600                       USGS 
H09312600       3952331110212004949049SW1406000775.6           7230.00          
N09312600       WHITE R BL TABBYUNE CRK NR SOLDIER SUMMIT, UT
Y09312600       
309312600       19680523    347                4.33                    
309312600       19690508    336                4.58                    
309312600       19700519    225                3.62                    
309312600       19710516    204                3.39                    
309312600       19720509    108                2.70                    
309312600       19730514    458                5.24                    
309312600       19740510    274                3.93                    
309312600       19750520    389                4.56                    
309312600       19760512    115                2.82                    
309312600       19770410   16.01                                       
309312600       19780516    303                4.18                    
309312600       19790520    262                3.89                    
309312600       19800507    409                4.57                    
309312600       19810905   66.0                2.65                    
309312600       19820504    464                5.00                    
309312600       19830527    962                5.82                    
309312600       19840515    877                5.27                    
309312600       19850504    302                2.86                    
309312600       19860504    392                3.43                    
309312600       19870418   78.0                1.53                    
309312600       19880514   96.0                1.68                    
309312600       19890408   83.0                1.58                    
309312600       19900719    157                2.20                    
309312600       19910520    121                1.91                    
309312600       19920526   97.0                1.78                    
309312600       19930518    394                3.50                    
309312600       19940513   44.0                1.31                    
309312600       19950525    280                3.01                    
309312600       19960514    261                3.13                    
309312600       19970430    418                3.99                    
309312600       19980501    339                3.68                    
309312600       19990529    17012                                      
309312600       20000606   72.02               2.09                    
309312600       20010429    102                2.22                    
309312600       20020908   39.0                1.62                    
309312600       20030829    162                2.76                    
309312600       20040325   52.0                1.81                    
309312600       20050517    3652                                       
309312600       20060503    397                3.91                    
309312600       20070315   43.0                1.62                    
309312600       20080521    384                3.82                    
309312600       20090508    371                3.91                    
309312600       20100421   64.0                2.40                    
309312600       20110517    513                4.87                    
309312600       20120310   81.0                2.65                    
309312600       20130912   59.0                2.31                    
309312600       20140506   75.0                2.83                    
309312600       20150815   67.0                2.76                    
309312600       20160922    134                3.48                    
309312600       20170508    346                4.70                    
309312600       20180823   57.2                3.17                    
309312600       20190429    319                4.82                    
