Z09352900                       USGS 
H09352900       3728391073235000808067SW1408010172.5           7906.08          
N09352900       VALLECITO CREEK NEAR BAYFIELD, CO.
Y09352900       
309352900       19630507   1130                3.08                    
309352900       19640523   1230                3.17                    
309352900       19650619   1530                3.43                    
309352900       19660507   1010                2.84                    
309352900       19670522   1000                2.90                    
309352900       19680601   1500                3.39                    
309352900       19690526   1250                3.12                    
309352900       19700906   7050                6.51                    
309352900       19710615    808                2.63                    
309352900       19720531    696                2.47                    
309352900       19730609   1490                3.28                    
309352900       19740516    672                2.442                   
309352900       19750615   1540                3.30                    
309352900       19760604   1090                2.93                    
309352900       19770816    648                2.42                    
309352900       19780610   1100                2.93                    
309352900       19790606   1390                3.20                    
309352900       19800610   1600                3.43                    
309352900       19810607   1150                3.00                    
309352900       19820612    889                2.71                    
309352900       19830618   1280                3.08                    
309352900       19840524   1360                3.17                    
309352900       19850524   1360                3.17                    
309352900       19860606   1310                3.15                    
309352900       19870616   1160                3.01                    
309352900       19880806   1100                2.95                    
309352900       19890801    997                2.83                    
309352900       19900610   1150                3.00                    
309352900       19910906    961                2.79                    
309352900       19920725    840                2.65                    
309352900       19930531   1190                2.872                   
309352900       1994       1250Bm              2.93Bm                   
309352900       19950615   1630                3.16                    
309352900       19960516    792                2.59                    
309352900       19970730   1360                3.01                    
309352900       19980602    898                2.69                    
309352900       19990810   1420                2.82                    
309352900       20000523   1660                2.832                   
309352900       20010527   1750                2.84                    
309352900       20020911    749                2.38                    
309352900       20030528   1610                2.76                    
309352900       20040920   2350                3.49                    
309352900       20050523   1810                3.87                    
309352900       20051004    904                3.03                    
309352900       20061006   3700                5.30                    
309352900       20080520   1450                3.54                    
309352900       20090511   1420                3.47                    
309352900       20100528   1680                3.67                    
309352900       20110606   1430                3.53                    
309352900       20120505    562                2.55                    
309352900       20130911    935                3.06                    
309352900       20140922   1780                3.80                    
309352900       20150610   2180                3.96                    
309352900       20160605   1510                3.58                    
309352900       20170605    980                2.97                    
309352900       20180510    575                2.53                    
309352900       20190608   2040                3.85                    
