Z09378630                       USGS 
H09378630       3745201092833004949037SW140802013.77           7200.00          
N09378630       RECAPTURE CREEK NEAR BLANDING, UT
Y09378630       
309378630       19660315   14.0                1.30                    
309378630       19661206   18.0                1.40                    
309378630       19680801   20.0                1.46                    
309378630       19690405   19.0                1.43                    
309378630       19700506   11.0                1.20                    
309378630       19710822   3.00                0.942                   
309378630       19711025   4.50                1.002                   
309378630       19721020    142                2.14                    
309378630       19740510   3.80                0.93                    
309378630       19750516   17.0                1.37                    
309378630       19760514   18.0                1.40                    
309378630       19770815   5.90                1.00                    
309378630       19780318   40.0                1.45                    
309378630       19790526   59.0                1.58                    
309378630       19800508   76.0                1.745                   
309378630       19810314   4.201                                       
309378630       19820504   13.0                1.15                    
309378630       19830424   76.0                1.78                    
309378630       19840515   15.0                1.22                    
309378630       19850409   32.0                1.392                   
309378630       19860402   30.0                1.47                    
309378630       19870417   41.0                1.55                    
309378630       19871105   97.0                1.91                    
309378630       19890309   5.80                1.03                    
309378630       19900501   0.54                0.71                    
309378630       19910718   17.0                1.30                    
309378630       19920430   17.0                1.32                    
309378630       19930517   50.0                1.69                    
309378630       19940507   7.80                1.18                    
309378630       19950321   16.0                1.36                    
309378630       19960522   0.20                0.65                    
309378630       19970320   18.0                1.38                    
309378630       19980504   8.60                1.25                    
309378630       19990509   4.20                1.08                    
309378630       20000429   4.40                1.00                    
309378630       20010502   10.0                1.26                    
309378630       20020323   0.11                0.61                    
309378630       20030415   2.60                0.97                    
309378630       20040324   3.80                0.98                    
309378630       20050424   75.0                1.89                    
309378630       20060601   1.20                0.80                    
309378630       20070521   1.60                0.88                    
309378630       20080503   2.601                                       
309378630       20090621   2.60                0.97                    
309378630       20100417   24.0                1.48                    
309378630       20110424   9.40                1.22                    
309378630       20120401   1.70                0.86                    
309378630       20130307   0.72                0.79                    
309378630       20140528   0.20                0.66                    
309378630       20150613   2.30                0.95                    
309378630       20160822   86.0                2.05                    
309378630       20170419   9.98                1.23                    
309378630       20180713   0.00                0.46                    
309378630       20190408   29.0                1.64                    
