Z09404450                       USGS 
H09404450       3720221123613004949025SW1501000874.2           5900.00          
N09404450       EAST FORK VIRGIN RIVER NEAR GLENDALE, UT
Y09404450       
309404450       19670907    635                4.05                    
309404450       19680813   65.0                1.25                    
309404450       19690421    238                2.17                    
309404450       19700905   30.0                0.69                    
309404450       19710823   66.0                1.20                    
309404450       19720919    630                4.00                    
309404450       19730429    184                1.81                    
309404450       19740302   44.0                0.94                    
309404450       19741028   58.0                1.14                    
309404450       19760727    640                4.14                    
309404450       19770817    112                1.72                    
309404450       19780410   96.0                1.66                    
309404450       19790417    285                2.61                    
309404450       19800421    334                2.91                    
309404450       19810811    156                2.05                    
309404450       19820927   93.0                1.69                    
309404450       19830509    226                2.26                    
309404450       19831003    100                2.06                    
309404450       19850401   48.0                1.68                    
309404450       19860925   76.0                1.90                    
309404450       19870809   48.0                1.64                    
309404450       19880227   49.0                1.66                    
309404450       19890302   55.0                1.65                    
309404450       19900424   20.0                1.34                    
309404450       19910305   29.0                1.52                    
309404450       19920524   44.0                1.61                    
309404450       19930517    226                2.38                    
309404450       19931006    127                2.02                    
309404450       19950311    157                2.16                    
309404450       199602     83.0Bd              1.83Bd                   
309404450       19970103    264                2.52                    
309404450       19980726    327                2.68                    
309404450       19990710                       4.68                    
309404450       20000221   33.0                1.41                    
309404450       20001027   41.0                1.50                    
309404450       20020303   19.0                1.26                    
309404450       20021109   45.0                1.53                    
309404450       20040819    125                2.01                    
309404450       20050111    405                3.92                    
309404450       20060329    126                2.10                    
309404450       20061014   52.0                1.61                    
309404450       20080728   99.0                1.92                    
309404450       20090408   39.0                1.50                    
309404450       20100410   57.0                1.65                    
309404450       20101221   1030               15.3436                   
309404450       20120818    758               14.80                    
309404450       20130718   1110               17.17                    
309404450       20140927    776               15.27                    
309404450       20150915    517               13.67                    
309404450       20151018    558               13.93                    
309404450       20170211    207               11.45                    
309404450       20180714    292               12.24                    
309404450       20190306    159               11.54                    
