Z09430600                       USGS 
H09430600       3310001083859003535017SW1504000169             5440.00          
N09430600       MOGOLLON CREEK NEAR CLIFF, NM
Y09430600       
309430600       19670812  10800               13.703                   
309430600       19680226    380                4.033                   
309430600       19690126    180                3.333                   
309430600       19700730    377                4.013                   
309430600       19710821    944                5.223                   
309430600       19711025   1720                6.283                   
309430600       19721020   4620                9.283                   
309430600       19740921   57.0                2.763                   
309430600       19750907   2130                6.853                   
309430600       19760210    665                4.783                   
309430600       19770818    156                3.173                   
309430600       19780301   2600                7.443                   
309430600       19781218  10100               12.403                   
309430600       19800215   1070                4.693                   
309430600       19810802    431                3.333                   
309430600       19820731    263                2.903                   
309430600       19830801    358                3.203                   
309430600       19831002   1920                6.503                   
309430600       19841227   6430               10.103                   
309430600       19860216    946                4.693                   
309430600       19870730    220                2.623                   
309430600       19880921   2210                6.623                   
309430600       19890904    117                1.923                   
309430600       19891005    609                3.833                   
309430600       19910306    626                3.873                   
309430600       19920506    830                4.393                   
309430600       19930108   2970                7.223                   
309430600       19940320    288                2.653                   
309430600       19941112   4420                8.553                   
309430600       19960821   1010                4.563                   
309430600       19970922   1230                5.973                   
309430600       19980326    750                4.823                   
309430600       19990805    203                3.293                   
309430600       20000811   65.0                2.443                   
309430600       20001011   2120                7.213                   
309430600       20020911    919                5.333                   
309430600       20030324   87.0                2.603                   
309430600       20040308    342                3.673                   
309430600       20050212   66002                                       
309430600       20060817   2110                5.34                    
309430600       20070429    666                4.96                    
309430600       20080128   680012                                      
309430600       20090919   94.0                1.83                    
309430600       20100122   2730                5.81                    
309430600       20110813    371                2.73                    
309430600       20120906    2778C              2.372                   
309430600       20130916   5000C               7.13                    
309430600       20140922   5150C               7.20                    
309430600       20150922   3690C               6.44                    
309430600       20160908   2900C               6.01                    
309430600       20161222   9420C               8.81                    
309430600       20180902    170C               3.13                    
309430600       20190916   5560C               7.11                    
