Z09447800                       USGS 
H09447800       3257201093150000404009SW15040005302            3500.            
N09447800       BONITA CREEK NEAR MORENCI, AZ.
Y09447800       
309447800       19810810   1340                5.60                    
309447800       19820729    595                4.35                    
309447800       19830204    950                5.00                    
309447800       19831002  19400               17.30                    
309447800       19841228    269                3.60                    
309447800       19860826    456                3.78                    
309447800       19870721   3510                8.17                    
309447800       19880912    798                4.75                    
309447800       19890807    367                3.87                    
309447800       19900821   1680                6.14                    
309447800       19910905   3220                7.89                    
309447800       19920214   2000                6.55                    
309447800       19930118  19500               16.50                    
309447800       19940904   1910                6.95                    
309447800       19950105   5300                9.93                    
309447800       19960911   2020                7.06                    
309447800       19970921    960                5.75                    
309447800       19980724    526                6.47                    
309447800       19990726   3610               10.28                    
309447800       20000828    982                7.46                    
309447800       20001011   2880                9.68                    
309447800       20011216   6.60                4.49                    
309447800       20030321   34.0                5.53                    
309447800       20040818   16.0                5.25                    
309447800       20050212   1720                8.47                    
309447800       20060731   5220               11.43                    
309447800       20070804    579                7.00                    
309447800       20080108    336                6.46                    
309447800       20081209   3.90                5.692                   
309447800       20100817   23502               9.405                   
309447800       20110810    428                6.84                    
309447800       20120904   59.0                5.66                    
309447800       20130916   1500                8.20                    
309447800       20140707   65.0                5.74                    
309447800       20150201   3.70                5.442                   
