Z09480000                       USGS 
H09480000       3121191103520000404023SW1505030182.2           4620.            
N09480000       SANTA CRUZ RIVER NEAR LOCHIEL, AZ
Y09480000       
309480000       19490913   1650                5.75                    
309480000       19500730   4520                6.75                    
309480000       19510802   2560                5.65                    
309480000       19520816    550                3.71                    
309480000       19530714   3320                6.05                    
309480000       19540722   1570                4.69                    
309480000       19550806   4300                8.30                    
309480000       19560717   1360                4.70                    
309480000       19570809    688                3.71                    
309480000       19580807    380                4.89                    
309480000       19590814    243                4.40                    
309480000       19600730    625                4.98                    
309480000       19610808   1120                5.65                    
309480000       19620729   7.60                2.21                    
309480000       19630825   2390                6.48                    
309480000       19640909   2330                6.44                    
309480000       19650912   4810                8.90                    
309480000       19660818   1780                5.71                    
309480000       19670803   1870                5.84                    
309480000       19671220    986                4.53                    
309480000       19690805    484                4.79                    
309480000       19700803    880                6.04                    
309480000       19710810   2830                7.11                    
309480000       19720716   2070                6.51                    
309480000       19730630   1490                6.00                    
309480000       19740804   1730                6.23                    
309480000       19750722   3330                9.13                    
309480000       19760722   3540                9.39                    
309480000       19770905   1130                5.96                    
309480000       19771009  12000               10.21        1926          
309480000       19790125   1060                5.50                    
309480000       19800630    406                4.28                    
309480000       19810715   1110                5.57                    
309480000       19820811   2640                7.40                    
309480000       19830304   1120                5.91                    
309480000       19840815  12000               10.20                    
309480000       19850719    850                5.15                    
309480000       19860829   4210                8.35                    
309480000       19870810    291                3.82                    
309480000       19880823    804                5.07                    
309480000       19890804    871                5.19                    
309480000       19900717   3510                7.90                    
309480000       19910726   17.0                2.16                    
309480000       19920801    483                4.39                    
309480000       19930118   4880                7.70                    
309480000       19940830    478                2.53                    
309480000       19950712   2020                4.90                    
309480000       19960711   1860                4.71                    
309480000       19970911   2970                5.95                    
309480000       19980707   1110                3.68                    
309480000       19990728   4870                7.69                    
309480000       20000806   2240                6.452                   
309480000       20001022   1080                6.31                    
309480000       20020304   1.50                2.752                   
309480000       20030814   22.0                7.50                    
309480000       20040805    256                8.91                    
309480000       20050823   73.02               8.055                   
309480000       20060808   59402              11.725                   
309480000       20070719   30602              10.735                   
309480000       20080723   1180                9.45                    
309480000       20090720   1530                9.78                    
309480000       20100731    392                8.32                    
309480000       20110813   95.0                7.34                    
309480000       20120728   12.0                6.48                    
309480000       20130908    612                8.74                    
