Z09484000                       USGS 
H09484000       3218531104839000404019SW1505030235.5           2720.            
N09484000       SABINO CREEK NEAR TUCSON, AZ
Y09484000       
309484000       19320715    706                5.45                    
309484000       19330910    510                4.73                    
309484000       19340922    472                4.59                    
309484000       19350206    540                4.85                    
309484000       19360129    500                4.69                    
309484000       19370207   2020                6.51                    
309484000       19380303   3200                7.13                    
309484000       19390806    385                3.96                    
309484000       19400223    904                4.98                    
309484000       19401230   3180                7.13                    
309484000       19420910    449                4.34                    
309484000       19430305    567                4.56                    
309484000       19440708    175                3.31                    
309484000       19450730    916                5.15                    
309484000       19460823   2000                6.30                    
309484000       19461226    227                3.47                    
309484000       19480806    380                4.06                    
309484000       19490808   1430                5.78                    
309484000       19500707   2260                6.50                    
309484000       19510802    750                5.11                    
309484000       19520113   1640                6.25                    
309484000       19530716    861                5.31                    
309484000       19540323   5110                8.43                    
309484000       19550803   2000                6.55                    
309484000       19560811   55.0                2.33                    
309484000       19570109   2030                6.65                    
309484000       19580322   1500                5.85                    
309484000       19590726   4240                7.85                    
309484000       19591224   1600                5.95                    
309484000       19610830    910                5.25                    
309484000       19620926   1010                5.44                    
309484000       19630815   2070                6.54                    
309484000       19640913   1310                5.82                    
309484000       19650207    244                4.24                    
309484000       19660810   6400                9.65                    
309484000       19670717    788                5.67                    
309484000       19671219   2340                7.30                    
309484000       19690114    310                4.99                    
309484000       19700906   7730               10.21                    
309484000       19710810    660                5.52                    
309484000       19711001   1710                6.87                    
309484000       19721019   2750                7.68                    
309484000       19740720    117                4.78                    
309484000       1975       70.04Bm             3.84Bm                   
309484000       19760926    580                5.57                    
309484000       19770710    480                5.38                    
309484000       19780302   3160                8.20                    
309484000       19781218   7400               11.76                    
309484000       19800214   2290                7.50                    
309484000       19810731   1420                6.45                    
309484000       19820813   2000                3.65                    
309484000       19830203   1340                3.08                    
309484000       19831001   6500                5.666                   
309484000       19841228   2350                3.92                    
309484000       19860216    910                2.65                    
309484000       19870813    866                2.60                    
309484000       19880820    350                1.90                    
309484000       19890807    350                1.90                    
309484000       19900720   1290                3.04                    
309484000       19910301   2600                4.09                    
309484000       19920213   2000                3.66                    
309484000       19930108  12900                7.60                    
309484000       19940903    564                2.22                    
309484000       19950215   3530                4.64                    
309484000       19960727   2900                4.28                    
309484000       19970808    321                1.85                    
309484000       19980722   1450                3.18                    
309484000       19990715  15400                8.25                    
309484000       19991003    186                1.60                    
309484000       20001022   1370                3.11                    
309484000       20020805    433                2.03                    
309484000       20030823   3140                4.43                    
309484000       20040723   1470                3.25                    
309484000       20050212   3120                4.42                    
309484000       20060731  157002               9.04                    
309484000       20070728   4960                5.92                    
309484000       20080128   5410                6.14                    
309484000       20081226    298                2.09                    
309484000       20100122    846                2.96                    
309484000       20110819    101                1.56                    
309484000       20120823    229                2.00                    
309484000       20130716   14502               3.435                   
309484000       20140904   1600                3.55                    
309484000       20150130   1260                3.26                    
