Z09497800                       USGS 
H09497800       3350351103325000404007SW15060103295.00         3200.            
N09497800       CIBECUE CREEK NEAR CHRYSOTILE, AZ
Y09497800       
309497800       19590729   4600                7.70                    
309497800       19591226   7080                9.30                    
309497800       19610721   1440                5.00                    
309497800       19620924    519                3.68                    
309497800       19630831   8180               10.50                    
309497800       19640729   7600               10.04                    
309497800       19650107   2950                6.40                    
309497800       19651230   8800               10.70                    
309497800       19670727   2960                6.30                    
309497800       19680310   1200                4.60                    
309497800       19690812   6580                9.30                    
309497800       19700906   3640                6.90                    
309497800       19710901   5440                8.40                    
309497800       19711017   1650                5.20                    
309497800       19721019   6880                9.53                    
309497800       19740719   3180                6.50                    
309497800       19741029   3180                6.50                    
309497800       19760927   3500                6.78                    
309497800       19770902  22200               17.30                    
309497800       19780301   6540                9.27                    
309497800       19781218   7740               10.20                    
309497800       19800215  10600               11.67                    
309497800       19810809   1800                5.20                    
309497800       19820211   1530                4.78                    
309497800       19821030   5150                7.65                    
309497800       19831001   9780               10.47                    
309497800       19841227   6190                8.32                    
309497800       19860715   2780                5.92                    
309497800       19861011   2680                5.84                    
309497800       19880831   2300                5.52                    
309497800       19890717   1340                4.58                    
309497800       19900716   8010                9.43                    
309497800       19910301   6750                8.67                    
309497800       19920824   3000                6.10                    
309497800       19930108  10600               10.96                    
309497800       19931007   1360                4.58                    
309497800       19950306   3990                6.85                    
309497800       19960914   5760                8.04                    
309497800       19970906    589                3.47                    
309497800       19971007    640                3.56                    
309497800       19990711   3050                6.14                    
309497800       20000811   3570                6.55                    
309497800       20001019    383                3.04                    
309497800       20020910  13500               12.59                    
309497800       20030721   4830                7.44                    
309497800       20040919   1650                4.91                    
309497800       20050212   2980                6.08                    
309497800       20060822   2200                5.44                    
309497800       20070724   8980               10.02                    
309497800       20080128   7170                8.92                    
309497800       20081226   2270                5.50                    
309497800       20100122   8390                9.67                    
309497800       20110803   2270                5.50                    
309497800       20111006   1680                4.94                    
309497800       20130830   8780                9.90                    
309497800       20140927   3380                6.40                    
309497800       20150827   1570                4.81                    
