Z09494000                       USGS 
H09494000       3344111100958000404007SW15060102632            4365.99          
N09494000       WHITE RIVER NEAR FORT APACHE, AZ.
Y09494000       
309494000       19580322   2700                6.802                   
309494000       19590728   4900                9.20                    
309494000       19591226   2580                6.73                    
309494000       19610829   3590                8.05                    
309494000       19620416   2090                6.40                    
309494000       19630826   1970                6.25                    
309494000       19640725   4480                8.82                    
309494000       19650728   2870                7.38                    
309494000       19651230   4360                8.71                    
309494000       19670722   8180               13.10                    
309494000       19680416   1390                5.61                    
309494000       19690407   1190                5.39                    
309494000       19700813   1850                6.10                    
309494000       19710812   8670               13.80                    
309494000       19711226   5170                9.47                    
309494000       19730429   4680                9.00                    
309494000       19740801   3110                7.60                    
309494000       19750427   1930                6.31                    
309494000       19760714   2220                6.77                    
309494000       19770724   1980                6.48                    
309494000       19780301   6590               11.05                    
309494000       19781218  14600               15.71                    
309494000       19800215   8160               12.07                    
309494000       19810831   1240                5.37                    
309494000       19820313   2130                6.66                    
309494000       19830426   1870                6.31                    
309494000       19831002   9410               12.56                    
309494000       19850312   8900               12.23                    
309494000       19860827   3780                8.20                    
309494000       19870418   2000                5.79                    
309494000       19880831   1590                5.59                    
309494000       19890314    688                3.79                    
309494000       19900707   1640                5.43                    
309494000       19910827   2980                7.19                    
309494000       19920824   3020                7.23                    
309494000       19930108  12600               14.57                    
309494000       19940903   1770                5.47                    
309494000       19950306   5730                9.79                    
309494000       19960903   1770                5.46                    
309494000       19970323    825                3.79                    
309494000       19980731   2010                5.81                    
309494000       19990803   1480                4.98                    
309494000       20000808   1010                4.06                    
309494000       20010729   2060                5.89                    
309494000       20020911   3620                7.78                    
309494000       20030910   1900                5.66                    
309494000       20040628   1020                4.21                    
309494000       20050220   3600                7.76                    
309494000       20060729  23700               19.92                    
309494000       20070806   2660                6.68                    
309494000       20080128   8460               11.91                    
309494000       20090305    698                3.52                    
309494000       20100801   4780                8.94                    
309494000       20110907    290                2.57                    
309494000       20120821   4130                8.31                    
309494000       20130913   4340                8.52                    
309494000       20140827    673                3.32                    
309494000       20150131    691                3.38                    
