Z09492400                       USGS 
H09492400       3349201094850000404001SW1506010238.8           6050.            
N09492400       EAST FORK WHITE RIVER NEAR FORT APACHE, AZ.
Y09492400       
309492400       19580422    411                3.233                   
309492400       19581006    330                2.853                   
309492400       19600513    207                2.6336                   
309492400       19610817    663                5.703                   
309492400       19620512    3002                                       
309492400       19630830    116                2.066                   
309492400       19640809   83.0                1.86                    
309492400       19650502    204                2.36                    
309492400       19651125    270                2.62                    
309492400       19670803    758                3.63                    
309492400       19680805    352                2.85                    
309492400       19690521    194                2.36                    
309492400       19700906    396                2.96                    
309492400       19710901    205                2.40                    
309492400       19711001    266                2.61                    
309492400       19721020    732                3.59                    
309492400       19740515   89.0                1.80                    
309492400       19750516    270                2.62                    
309492400       19760730    166                2.22                    
309492400       19770816    122                1.96                    
309492400       19780301    318                2.76                    
309492400       19781218    751                3.62                    
309492400       19800522    372                2.87                    
309492400       19810503    167                2.25                    
309492400       19820502    283                2.66                    
309492400       19830601    388                2.94                    
309492400       19831001   2700                5.40        1945          
309492400       19850312    481                3.18                    
309492400       19860716    154                2.09                    
309492400       19870417    235                2.31                    
309492400       19880428    211                2.42                    
309492400       19890314    122                1.80                    
309492400       19900429   81.0                1.56                    
309492400       19910510    212                2.20                    
309492400       19920824    776                3.57                    
309492400       19930108    563                3.15                    
309492400       19940903    326                2.56                    
309492400       19950306    387                2.73                    
309492400       19960914    155                1.95                    
309492400       19970506    144                1.94                    
309492400       19980722    336                2.59                    
309492400       19981026    180                2.06                    
309492400       20000627   45.0                1.26                    
309492400       20010502    180                2.06                    
309492400       20020911    142                1.89                    
309492400       20030910    203                2.15                    
309492400       20031113    151                1.94                    
309492400       20050424    316                2.53                    
309492400       20060806   2090                4.98                    
309492400       20070806    166                1.96                    
309492400       20080128    470                2.94                    
309492400       20090508    126                1.64                    
309492400       20100731    301                2.36                    
309492400       20110821    141                1.65                    
309492400       20120411   89.0                1.33                    
309492400       20130914    221                2.04                    
309492400       20140827    175                1.83                    
309492400       20150130    117                1.51                    
