Z09505200                       USGS 
H09505200       3440291114017000404025SW15060202111            4020.            
N09505200       WET BEAVER CREEK NEAR RIMROCK, AZ
Y09505200       
309505200       19620212   1870                8.50                    
309505200       19630827    748                6.87                    
309505200       19640806   2030                9.40                    
309505200       19650106   6100               11.58                    
309505200       19651125   6150               11.62                    
309505200       19670731   4340               10.52                    
309505200       19680310    982                6.80                    
309505200       19690125   3500                9.84                    
309505200       19700905   7670               12.41                    
309505200       19710901   2890                9.24                    
309505200       19720716   4020               10.25                    
309505200       19721019   5490               11.32                    
309505200       19740318    119                4.47                    
309505200       19750413   1060                6.97                    
309505200       19760209   6880               11.95                    
309505200       19770407    155                4.71                    
309505200       19780301   4360               10.46                    
309505200       19781218   7560               12.38                    
309505200       19800219  10900               13.96                    
309505200       19810405    368                5.49                    
309505200       19820312   6880               12.05                    
309505200       19821130   5480               11.32                    
309505200       19831227   2740                9.10                    
309505200       19841227   3960               10.20                    
309505200       19860218    710                6.39                    
309505200       19870318   1180                7.20                    
309505200       19880203   3900               10.15                    
309505200       19890329    285                5.24                    
309505200       19900905    922                6.78                    
309505200       19910301   3030                9.38                    
309505200       19920823   5280               11.16                    
309505200       19930108  16000               17.21                    
309505200       19940320    405                5.63                    
309505200       19950214   7330               12.53                    
309505200       19960803   1050                6.53                    
309505200       19970408    596                5.77                    
309505200       19980328   2500                8.34                    
309505200       19990727   4460               10.49                    
309505200       20000329    195                4.73                    
309505200       20010804   1310                6.94                    
309505200       20020910   3590                9.77                    
309505200       20030316   2930                9.05                    
309505200       20040919   1630                7.32                    
309505200       20041229   5670               11.58                    
309505200       20060825    154                4.13                    
309505200       20070730    720                5.72                    
309505200       20080127   5190               11.21                    
309505200       20090223   1190                6.62                    
309505200       20100121   4080               10.25                    
309505200       20110303    876                6.05                    
309505200       20120824   1040                6.36                    
309505200       20130128   1920                7.74                    
309505200       20140827   1720                7.43                    
309505200       20150302   2060                7.95                    
309505200       20160201    524                5.24                    
309505200       20170228   2490                8.54                    
309505200       20180710   23.5                3.16                    
309505200       20190214  10700               14.70                    
