Z09505350                       USGS 
H09505350       3443431114630000404025SW15060202142.           3694.38          
N09505350       DRY BEAVER CREEK NEAR RIMROCK, AZ
Y09505350       
309505350       19610714   1610                5.40                    
309505350       19620212   2510                6.86                    
309505350       19630817   3260                7.88                    
309505350       19640330   1160                5.05                    
309505350       19650106   7970                9.07                    
309505350       19651123   9670                9.69                    
309505350       19661207   9460                9.62                    
309505350       19680211    652                4.32                    
309505350       19690125  10600                9.98                    
309505350       19700905  26600               14.35                    
309505350       19710901    537                4.24                    
309505350       19711226   2740                6.19                    
309505350       19721228   6160                8.22                    
309505350       19740403    253                3.68                    
309505350       19750414   1220                5.08                    
309505350       19760209   7020                8.64                    
309505350       19770407    304                3.82                    
309505350       19780301   8410                9.25                    
309505350       19781218  24200               12.20                    
309505350       19800214  18600               12.53                    
309505350       19810811   1250                5.10                    
309505350       19820312   7790                8.81                    
309505350       19821130   8190                8.99                    
309505350       19831204   5780                7.95                    
309505350       19841227   4250                7.13                    
309505350       19851130   4340                7.19                    
309505350       19870309   1160                4.98                    
309505350       19880425   2650                6.27                    
309505350       19890329    404                3.99                    
309505350       19900318    801                4.57                    
309505350       19910301   6180                8.23                    
309505350       19920304   3770                6.98                    
309505350       19930108  11600               10.01                    
309505350       19940429    842                4.45                    
309505350       19950306  20600               13.03                    
309505350       19960905   1170                4.72                    
309505350       19970126   1740                5.14                    
309505350       19980328   2640                5.83                    
309505350       19990923   6940                8.24                    
309505350       20000827    719                4.23                    
309505350       20010313    945                4.47                    
309505350       20020907   1210                4.73                    
309505350       20030213   4360                7.56                    
309505350       20040919    480                3.93                    
309505350       20041229  11800               10.66                    
309505350       20060804   7190                8.31                    
309505350       20070731    670                4.24                    
309505350       20071207   9600                9.33                    
309505350       20090124   1150                4.83                    
309505350       20100121   3990                6.82                    
309505350       20101223   3030                6.26                    
309505350       20120824   1450                5.08                    
309505350       20130126   5690                7.65                    
309505350       20140301   3170                6.35                    
309505350       20150301   4470                7.07                    
309505350       20160106    613                4.12                    
309505350       20161217   4830                7.25                    
309505350       20180818    627                4.15                    
309505350       20190214  13800               10.77                    
