Z09510200                       USGS 
H09510200       3341391113228000404013SW15060203164            1759.33          
N09510200       SYCAMORE CREEK NEAR FORT MCDOWELL, AZ
Y09510200       
309510200       19591225  15800               15.003                   
309510200       19610703    248                2.073                   
309510200       19611216    674                2.943                   
309510200       19630816   2860                5.653                   
309510200       19640801   1060                3.543                   
309510200       19650107   1170                3.703                   
309510200       19651214    668                2.933       1959          
309510200       19670716   1060                3.553                   
309510200       19671219   9880               11.123                   
309510200       19690127    216                1.923                   
309510200       19700905  24200               19.703       1959          
309510200       19710819    876                3.116                   
309510200       19720622   1810                4.35                    
309510200       19721019   8540               10.18                    
309510200       19740805   1030                3.35                    
309510200       19750411    188                1.62                    
309510200       19760209   5470                7.84                    
309510200       19770816   6150                8.40                    
309510200       19780302  17900               16.00                    
309510200       19781218   9520               10.84                    
309510200       19800215  10400               11.42                    
309510200       19810923    170                1.59                    
309510200       19820314   1290                3.71                    
309510200       19821130   7440                9.38                    
309510200       19840902   2600                5.24                    
309510200       19841227   2960                5.60                    
309510200       19860317   3000                5.59                    
309510200       19861011    319                1.97                    
309510200       19880118   1410                3.86                    
309510200       19890205    893                3.07                    
309510200       19900814   1740                4.21                    
309510200       19910301   9030               10.65                    
309510200       19920822   3990                6.62                    
309510200       19930108  14100               14.06                    
309510200       19940718   3410                6.54                    
309510200       19950105   6630                9.31                    
309510200       19960315   22.0                0.87                    
309510200       19970228   2920                6.03                    
309510200       19980328   3530                6.66                    
309510200       19990827   1490                4.27                    
309510200       20000829    220                1.65                    
309510200       20001028   1230                3.59                    
309510200       20020828    317                1.91                    
309510200       20030317    806                2.91                    
309510200       20040816   2010                4.63                    
309510200       20050212  11000               11.93                    
309510200       20060812   3560                6.30                    
309510200       20070731  12300               14.86                    
309510200       20080127   9020               12.29                    
309510200       20081226   3860                7.39                    
309510200       20100122  15500               17.14                    
309510200       20101230    976                3.41                    
309510200       20120817   2230                5.60                    
309510200       20130128   3650                7.42                    
309510200       20140301   2560                6.14                    
309510200       20150130   1220                4.33                    
