Z09513780                       USGS 
H09513780       3358271120554000404013SW1507010268.30          2310.            
N09513780       NEW RIVER NEAR ROCK SPRINGS, AZ.
Y09513780       
309513780       19620928   1050                3.103                   
309513780       19630816    765                2.603                   
309513780       19640802   4900                6.303                   
309513780       19650404   1510                3.733                   
309513780       19651222   4020                5.803                   
309513780       19670906    245                1.403                   
309513780       19671219  10600               10.706                   
309513780       19690905   1530                4.75                    
309513780       19700905  18600               13.50                    
309513780       19710803   6320                8.30                    
309513780       19720812    231                2.34                    
309513780       19721228   1550                4.77                    
309513780       19740805   68.0                1.62                    
309513780       19741101   1570                4.36                    
309513780       19760209   3230                5.50                    
309513780       19770816   4.00                0.90                    
309513780       19780302  13600                9.40                    
309513780       19790328   6530                7.09                    
309513780       19800219   9350                8.13                    
309513780       19810306   35.0                2.15                    
309513780       19820315   1760                5.23                    
309513780       19821130  12500                8.64                    
309513780       19831227    692                4.16                    
309513780       19841227   2310                5.61                    
309513780       19851126   3700                6.33                    
309513780       19870303    545                3.87                    
309513780       19871101   4980                6.84                    
309513780       19890105    428                3.69                    
309513780       19900707   1670                5.16                    
309513780       19910301   9810                8.13                    
309513780       19920213   5510                7.02                    
309513780       19930108  12600               10.80                    
309513780       19931115    604                3.83                    
309513780       19950215   9710                9.81                    
309513780       19960716   77.0                2.18                    
309513780       19970114    510                3.64                    
309513780       19980328   5320                7.89                    
309513780       19990715    529                3.68                    
309513780       20000817    104                2.49                    
309513780       20001024   1710                5.57                    
309513780       20020907   56.0                1.95                    
309513780       20030226    771                3.85                    
309513780       20040305    424                3.20                    
309513780       20050731  15000               11.00                    
309513780       20060907   1790                5.08                    
309513780       20070728    888                4.04                    
309513780       20080127   76202               8.515                   
309513780       20081226   3200                6.22                    
309513780       20100121  207002              11.465                   
309513780       20101230    4442               3.275                   
309513780       20120821    138                2.43                    
309513780       20130128    755                3.84                    
309513780       20140819  527002              19.60                    
309513780       20150131   57.0                1.70                    
