Z09512280                       USGS 
H09512280       3353141115712000404013SW1506010682.70          2280             
N09512280       CAVE CREEK BLW COTTONWOOD CR NEAR CAVE CREEK, AZ.
Y09512280       
309512280       19810306   19.1                1.54                    
309512280       19820315    617                3.78                    
309512280       19821130   2720                6.86                    
309512280       19840809    594                3.15                    
309512280       19841227   1470                4.38                    
309512280       19851126    746                3.39                    
309512280       19870303    118                1.18                    
309512280       19871101    840                3.55                    
309512280       19890105    173                2.11                    
309512280       19900716    964                3.68                    
309512280       19910301   3900                7.24                    
309512280       19920823   3460                6.75                    
309512280       19930108   9200               15.24                    
309512280       19931115    682                5.75                    
309512280       19950105   3110                9.66                    
309512280       19960911    124                4.05                    
309512280       19970911    476                5.39                    
309512280       19980328    709                6.00                    
309512280       19990710    924                6.47                    
309512280       20000306    109                3.97                    
309512280       20001022    815                6.24                    
309512280       20020308   0.23                2.32                    
309512280       20030226    497                5.65                    
309512280       20040305   73.0                3.65                    
309512280       20050903  14000               16.40                    
309512280       20060730   5730               11.60                    
309512280       20070731   5010               11.04                    
309512280       20071201   6570               12.21                    
309512280       20090209   2010                8.24                    
309512280       20100121  14200               16.49                    
309512280       20101230    188                5.93                    
309512280       20120823    140                5.63                    
309512280       20130127    262                6.40                    
309512280       20140819  10100               16.30                    
309512280       20150504   80.0                5.68                    
