Z10166430                       USGS 
H10166430       4024191120559004949049SW1602020126.8           5620.00          
N10166430       WEST CANYON CREEK NEAR CEDAR FORT, UT
Y10166430       
310166430       19650905   85.0                1.543                   
310166430       19660803   16.0                1.283                   
310166430       19670526   33.0                1.393                   
310166430       19680604   20.0                1.583                   
310166430       19690616   62.0                1.853                   
310166430       19700610   23.0                1.583                   
310166430       19710828   1660                7.503                   
310166430       19720604   40.0                2.303                   
310166430       19730520    113                2.373                   
310166430       19740510   27.0                1.903                   
310166430       19750912    121                2.173                   
310166430       19870529   23.0                1.613                   
310166430       19880517   38.0                2.043                   
310166430       19890511   8.90                1.813                   
310166430       19900610   15.0                2.063                   
310166430       19910525   26.01                                       
310166430       19920520   5.001                                       
310166430       19930521   42.01                                       
310166430       19940512   10.01                                       
310166430       19950604   42.0                2.84                    
310166430       19960513   21.01                                       
310166430       19970523   23.01                                       
310166430       19980824    328                5.30                    
310166430       19990524   23.01                                       
310166430       20000525   19.0                2.66                    
310166430       20010812   62.0                3.35                    
310166430       20020520   8.301                                       
310166430       20030528   9.40                2.57                    
310166430       20040818   9.40                2.59                    
310166430       20050524   92.0                3.40                    
310166430       20060516   44.0                3.02                    
310166430       20070725    107                3.50                    
310166430       20080521   18.0                2.75                    
310166430       20090526   18.0                2.77                    
310166430       20100607   33.0                2.96                    
310166430       20110710    230                4.64                    
310166430       20120723   18.0                2.71                    
310166430       20130914   91.0                3.63                    
310166430       20140531   8.70                2.51                    
310166430       20150522   10.0                2.58                    
310166430       20160606   9.00                2.51                    
310166430       20170607   18.1                2.98                    
310166430       20180711   8.67                2.612                   
310166430       20190608   30.9                3.39                    
