Z10172800                       USGS 
H10172800       4029471123425004949045SW160203044.19           6360.00          
N10172800       SOUTH WILLOW CREEK NEAR GRANTSVILLE, UT
Y10172800       
310172800       19610928   2.00                9.963                   
310172800       19620712   10.0               10.253                   
310172800       19630610   11.0               10.3036                   
310172800       19640608   92.0                2.27                    
310172800       19650608   41.0                1.54                    
310172800       19660519   10.01                                       
310172800       19670526   29.0                1.90                    
310172800       19680605   28.0                1.87                    
310172800       19690528   35.0                1.88                    
310172800       19700610   41.0                1.96                    
310172800       19710610   36.0                1.982                   
310172800       19720603   29.0                1.96                    
310172800       19730520   81.0                2.26                    
310172800       19740529   28.0                1.96                    
310172800       19750712   56.0                2.12                    
310172800       19760521   23.0                1.91                    
310172800       19770606   11.0                1.67                    
310172800       19780616   55.0                2.13                    
310172800       19790528   41.0                2.02                    
310172800       19800610   55.0                2.11                    
310172800       19810530   22.0                1.78                    
310172800       19820528   45.0                2.02                    
310172800       19830529   80.01                                       
310172800       19840601   84.01                                       
310172800       19850511   24.0                1.70                    
310172800       19860601   79.0                1.79                    
310172800       19870502   27.01                                       
310172800       19880518   12.0                1.43                    
310172800       19890510   17.0                1.58                    
310172800       19900611   16.0                1.50                    
310172800       19910608   36.01                                       
310172800       19920509   12.0                1.45                    
310172800       19930526   41.02               1.65                    
310172800       19940513   16.0                1.54                    
310172800       19950605   87.0                1.99                    
310172800       19960607   37.0                1.73                    
310172800       19970518   56.0                1.80                    
310172800       19980724    118                2.45                    
310172800       19990616   54.0                1.85                    
310172800       20000529   21.0                1.51                    
310172800       20010515   28.0                1.56                    
310172800       20020603   31.0                1.58                    
310172800       20030526   26.0                1.55                    
310172800       20040606   20.0                1.52                    
310172800       20050623   83.0                2.02                    
310172800       20060517   58.0                1.72                    
310172800       20070524   14.0                1.53                    
310172800       20080521   24.0                1.67                    
310172800       20090521   29.0                1.78                    
310172800       20100610   57.0                1.68                    
310172800       20110629   82.0                2.08                    
310172800       20120518   13.0                1.62                    
310172800       20130911   61.0                2.00                    
310172800       20140529   21.0                1.75                    
310172800       20150509   26.0                1.78                    
310172800       20160608   30.0                1.79                    
310172800       20170513   44.3                1.875                   
310172800       20180428   10.3                1.602                   
310172800       20190608   56.52                                       
