Z10172700                       USGS 
H10172700       3958461122246004949045SW1602030425.0           6200.00          
N10172700       VERNON CREEK NEAR VERNON, UT
Y10172700       
310172700       19590323   2.00                0.57                    
310172700       19600515   3.401                                       
310172700       19610917   41.0                1.46                    
310172700       19620414   78.0                1.82                    
310172700       19630201   7.00                0.80                    
310172700       19640528   38.0                1.51                    
310172700       19650422   23.0                1.27                    
310172700       19651117   5.00                0.78                    
310172700       19670610   7.00                0.87                    
310172700       19680808    210                2.80                    
310172700       19690404   41.0                1.53                    
310172700       19691119   8.00                0.97                    
310172700       19710719   16.0                1.30                    
310172700       19720827    825                5.70                    
310172700       19730503   92.0                1.95                    
310172700       19731008   5.20                1.04                    
310172700       19750503   33.0                1.50                    
310172700       19751129   5.80                1.10                    
310172700       19770824   2.90                1.05                    
310172700       19780411   73.0                1.85                    
310172700       19790417   39.0                1.54                    
310172700       19800420   95.0                2.04                    
310172700       19810528   72.0                1.71                    
310172700       19820412   31.0                1.522                   
310172700       19830508   98.0                2.14                    
310172700       19840424   96.0                2.10                    
310172700       19850409   54.0                1.75                    
310172700       19860402   25.0                1.48                    
310172700       19870308   23.0                1.43                    
310172700       19871101   6.40                1.09                    
310172700       19890712   14.0                1.24                    
310172700       19900408   3.90                0.98                    
310172700       19910824    470                4.38                    
310172700       19911027   3.00                0.98                    
310172700       19930417   21.0                1.35                    
310172700       19940814   7.10                1.13                    
310172700       19950512   12.1                1.232                   
310172700       19960615   3.601                                       
310172700       19970615   18.0                1.33                    
310172700       19980423    100                2.22                    
310172700       19990919   23.0                1.40                    
310172700       20000524   8.00                1.21                    
310172700       20010821   9.00                1.22                    
310172700       20020906   80.1                2.04                    
310172700       20030310   14.0                1.27                    
310172700       20040407   27.0                1.46                    
310172700       20050719   70.0                1.96                    
310172700       20060329   50.0                2.16                    
310172700       20070828   16.0                1.46                    
310172700       20080807   21.0                1.58                    
310172700       20090502   8.70                1.24                    
310172700       20100818   5.90                1.14                    
310172700       20110418   48.0                2.15                    
310172700       20120315   47.0                2.09                    
310172700       20130831   69.0                2.40                    
310172700       20140301   22.0                1.62                    
310172700       20150506   5.40                1.14                    
310172700       20151018   3.00                1.14                    
310172700       20170211   9.09                1.512                   
310172700       20180822   10.0                1.342                   
310172700       20190421   30.3                1.80                    
