Z10173450                       USGS 
H10173450       3737221123058004949017SW16030001105            7300.00          
N10173450       MAMMOTH CREEK ABV WEST HATCH DITCH, NEAR HATCH, UT
Y10173450       
310173450       19650607    435                3.98                    
310173450       19660506    403                3.79                    
310173450       19670605    422                4.07                    
310173450       19680725    522                4.33                    
310173450       19690528    631                4.85                    
310173450       19700519    352                3.59                    
310173450       19710610    184                2.83                    
310173450       19720517    163                2.69                    
310173450       19730521    610                4.70                    
310173450       19740510    185                2.94                    
310173450       19750607    496                4.13                    
310173450       19760518    403                3.86                    
310173450       19770718    301                3.52                    
310173450       19780609    458                4.18                    
310173450       19790606    652                4.81                    
310173450       19800612    594                4.61                    
310173450       19810822    401                3.85                    
310173450       19820528    530                4.38                    
310173450       19830619    838                5.13                    
310173450       19840522    547                4.39                    
310173450       19850507    392                3.87                    
310173450       19860527    395                3.86                    
310173450       19870518    332                3.62                    
310173450       19880517    463                4.04                    
310173450       19890722    346                3.68                    
310173450       19900717    375                3.80                    
310173450       19910528    230                3.10                    
310173450       19920815    406                3.92                    
310173450       19930528    551                4.75                    
310173450       19940516    229                3.142                   
310173450       19950614    654                4.79                    
310173450       19960509    132                2.492                   
310173450       19970513    364                3.77                    
310173450       19980603    525                4.38                    
310173450       19990523    334                3.64                    
310173450       20000505    266                3.31                    
310173450       20010518    549                4.46                    
310173450       20020415   32.0                1.38                    
310173450       20030528    332                3.54                    
310173450       20040820    645                4.62                    
310173450       20050603   1390                5.89                    
310173450       20060521    597                4.49                    
310173450       20070725    178                2.76                    
310173450       20080521    476                4.09                    
310173450       20090512    581                4.42                    
310173450       20100606    801                4.87                    
310173450       20110617   1090                5.34                    
310173450       20120505    221                3.16                    
310173450       20130501    240                3.27                    
310173450       20140425    126                2.49                    
310173450       20150602    171                2.84                    
310173450       20160520    460                4.09                    
310173450       20170513    517                4.27                    
310173450       20180429    189                2.87                    
310173450       20190617    7759               5.02                    
