Z10205030                       USGS 
H10205030       3854431113147004949041SW1603000351.8           7000.00          
N10205030       SALINA CREEK NEAR EMERY, UT
Y10205030       
310205030       19640527    110                2.123                   
310205030       19650607    166                2.373                   
310205030       19660509   45.0                1.553                   
310205030       19670525   94.0                2.063                   
310205030       19680529    191                2.773                   
310205030       19690509    155                2.923                   
310205030       19700522    195                3.833                   
310205030       19710515    118                3.7626                   
310205030       19720517   34.0                2.07                    
310205030       19730518    463                3.94                    
310205030       19740516    519                5.07                    
310205030       19750607    480                5.15                    
310205030       19760521    176                4.76                    
310205030       19770723   16.0                3.41                    
310205030       19780528    282                4.44                    
310205030       19790528    411                4.79                    
310205030       19800521    316                4.65                    
310205030       19810520   83.0                3.61                    
310205030       19820527    132                3.96                    
310205030       19830527    621                5.44                    
310205030       19840520    580                5.32                    
310205030       19850504    138                3.75                    
310205030       19860528    191                3.94                    
310205030       19870428    119                3.51                    
310205030       19880517    121                3.73                    
310205030       19890727    740                5.85                    
310205030       19900519   28.0                2.74                    
310205030       19910605   92.0                3.45                    
310205030       19920526   91.0                3.49                    
310205030       19930517    227                4.27                    
310205030       19940513   74.0                3.38                    
310205030       19950614    17012                                      
310205030       19960506    174                3.92                    
310205030       19970516    225                4.52                    
310205030       19980520    140                4.13                    
310205030       19990526    150                4.18                    
310205030       20000819    109                3.96                    
310205030       20010517   91.0                3.87                    
310205030       20020506   45.0                3.55                    
310205030       20030522    135                4.10                    
310205030       20040508   93.0                3.84                    
310205030       20050524    297                4.93                    
310205030       20060515    210                4.62                    
310205030       20070514   60.0                3.66                    
310205030       20080520    240                4.55                    
310205030       20090512    115                4.21                    
310205030       20100729    540                6.29                    
310205030       20110608    188                4.67                    
310205030       20120504   39.0                3.27                    
310205030       20130514   56.0                3.54                    
310205030       20140519   66.0                3.64                    
310205030       20150505   45.0                3.34                    
310205030       20160514   65.0                3.64                    
310205030       20170511    128                4.07                    
310205030       20180712    112                4.12                    
310205030       20190605    213                4.13                    
