Z10234500                       USGS 
H10234500       3816501123403004949001SW1603000791             6200.00          
N10234500       BEAVER RIVER NEAR BEAVER, UT
Y10234500       
310234500       19140521    650                5.483                   
310234500       19150601    448                5.073                   
310234500       19160509    412                4.933                   
310234500       19170609    610                5.553                   
310234500       19180523    238                4.413                   
310234500       19190504    368                4.873                   
310234500       19200530    760                6.023                   
310234500       19210610    665                5.843                   
310234500       19220525    785                6.313                   
310234500       19230526    644                5.963                   
310234500       19240509    299                4.993                   
310234500       19250520    382                5.253                   
310234500       19260519    740                6.203                   
310234500       19270517    467                5.503                   
310234500       19280508    432                5.403                   
310234500       19290525    630                5.933                   
310234500       19300526    416                5.433                   
310234500       19310506    156                4.523                   
310234500       19320521    570                5.773                   
310234500       19330601    542                5.853                   
310234500       19340505   82.0                4.113                   
310234500       19350606    484                5.683                   
310234500       19360722   1080                7.273                   
310234500       19370518    749                7.953                   
310234500       19380527    460                3.3036                   
310234500       19390430    159                1.883                   
310234500       19400515    445                3.153                   
310234500       19410607    676                4.083                   
310234500       19420525    681                3.923                   
310234500       19430501    540                3.923                   
310234500       19440608    780                4.353                   
310234500       19450511    333                3.333                   
310234500       19460426    203                2.913                   
310234500       19470812    676                4.273                   
310234500       19480517    501                3.863                   
310234500       19490526    429                3.713                   
310234500       19500521    164                2.953                   
310234500       19510527    220                3.133                   
310234500       19520515    624                4.263                   
310234500       19530711    149                2.933                   
310234500       19540509    173                3.063                   
310234500       19550512    151                2.933                   
310234500       19560524    179                6.053                   
310234500       19570606    732                4.713                   
310234500       19580527    606                3.983                   
310234500       19590514   99.0                1.8436                   
310234500       19600512    188                2.613                   
310234500       19610510    151                2.403                   
310234500       19620506    255                3.063                   
310234500       19630816    238                2.893                   
310234500       19640520    410                3.273                   
310234500       19650513    236                2.953                   
310234500       19660518    132                2.253                   
310234500       19670622    252                2.843                   
310234500       19680601    460                3.873                   
310234500       19690530    394                3.593                   
310234500       19700518    296                2.873                   
310234500       19710618    147                2.363                   
310234500       19720515   64.0                1.7823                   
310234500       19730519    502                3.833                   
310234500       19740510    223                2.593                   
310234500       19750602    253                2.693                   
310234500       19760515    213                2.513                   
310234500       19770417   68.0                1.753                   
310234500       19780608    434                3.1836                   
310234500       19790630    841                4.033                   
310234500       19800529    687                3.633                   
310234500       19810502    243                2.723                   
310234500       19820525    472                3.193                   
310234500       19830619    940                3.7036                   
310234500       19840524   1060                3.833                   
310234500       19850504    364                2.1636                   
310234500       19860503    444                2.35                    
310234500       19870515    169                1.52                    
310234500       19880802    578                2.97                    
310234500       19890411   94.01                                       
310234500       19900523    121                1.50                    
310234500       19910529    195                1.83                    
310234500       19920526    175                1.622                   
310234500       19930529    467                2.60                    
310234500       19940515    189                1.692                   
310234500       19950615   1050                3.16                    
310234500       19960513    165                1.68                    
310234500       19970601    464                2.39                    
310234500       19980602    706                2.79                    
310234500       19990708    434                2.33                    
310234500       20000504    202                1.83                    
310234500       20010517    230                1.91                    
310234500       20020520   55.0                1.09                    
310234500       20030528    264                2.00                    
310234500       20040505    167                1.72                    
310234500       20050603    909                3.84                    
310234500       20060512    244                2.07                    
310234500       20070502    121                1.58                    
310234500       20080520    160                1.84                    
310234500       20090520    297                2.34                    
310234500       20100606    744                3.35                    
310234500       20110615    827                3.68                    
310234500       20120424    132                1.99                    
310234500       20130515    173                2.12                    
310234500       20140519    167                2.09                    
310234500       20150526    230                2.35                    
310234500       20160604    252                2.43                    
310234500       20170510    416                2.90                    
310234500       20180713    119                1.84                    
310234500       20190614    886                3.76                    
