Z10249300                       USGS 
H10249300       3853151171440003232023SW1606000420             6400             
N10249300       S TWIN RV NR ROUND MOUNTAIN, NV
Y10249300       
310249300       19650816   99.0                2.87                    
310249300       19660509   20.0                2.11                    
310249300       19670523   54.0                2.91                    
310249300       19680530   15.0                1.982                   
310249300       19690617    105                3.21                    
310249300       19700528   17.0                1.912                   
310249300       19710615   25.0                2.07                    
310249300       19720606   13.0                2.26                    
310249300       19730517   83.0                3.28                    
310249300       19740510   24.0                2.49                    
310249300       19750603    128                3.692                   
310249300       19760518   24.0                2.44                    
310249300       19770610   66.0                3.14                    
310249300       19780515   94.0                3.19                    
310249300       19790523   78.0                3.042                   
310249300       19800523   43.0                2.55                    
310249300       19810528   16.0                2.15                    
310249300       19820505   31.0                2.52                    
310249300       19830529    510                4.39                    
310249300       19840514    120                2.88                    
310249300       19850509   31.0                2.07                    
310249300       19860522   21.0                2.01                    
310249300       19870608   14.0                1.85                    
310249300       19880516   49.0                2.44                    
310249300       19890421   11.0                1.88                    
310249300       19900529   5.40                1.68                    
310249300       19910606   20.0                1.98                    
310249300       19920510   33.0                2.15                    
310249300       19930520   39.0                2.67                    
310249300       19940516   17.0                2.36                    
310249300       19950522   97.0                3.02                    
310249300       19960516   51.0                2.79                    
310249300       19970102   19.0                2.43                    
310249300       19980603    148                3.20                    
310249300       19990526   56.0                2.73                    
310249300       20000830   31.0                2.60                    
310249300       20010516   97.0                3.07                    
310249300       20020601   8.80                1.69                    
310249300       20030529   25.0                2.28                    
310249300       20040510   12.0                2.07                    
310249300       20050521    216                3.41                    
310249300       20060518   87.0                2.85                    
310249300       20070501   5.00                1.75                    
310249300       20080519   52.0                2.50                    
310249300       20090519   22.0                2.152                   
310249300       20100606   53.0                2.51                    
310249300       20110508   67.0                2.64                    
310249300       20120426   4.40                1.72                    
310249300       20130514   3.70                1.65                    
310249300       20140425   2.30                1.552                   
310249300       20150610   5.90                1.75                    
310249300       20170512   51.7                2.48                    
310249300       20180407   48.6                2.44                    
310249300       20190601    107R               2.972                   
