Z10258500                       USGS 
H10258500       3344421163205000606065SW1810020193.1           700.00           
N10258500       PALM CYN C NR PALM SPRINGS CA
Y10258500       
310258500       19300801    1802               2.42                    
310258500       19310214   31.0                1.09                    
310258500       19320209   1870                3.42                    
310258500       19321009    514                2.17                    
310258500       19340804    7002               5.20                    
310258500       19350823    3002                                       
310258500       19360215    3502               3.25                    
310258500       19370206   3850                5.60                    
310258500       19380302   2380                4.43                    
310258500       19390924    223                2.00                    
310258500       19400108    358                2.40                    
310258500       19401224   2900                4.85                    
310258500       19411112    137                1.64                    
310258500       19480723    150                2.81                    
310258500       19490121   16.0                2.59                    
310258500       19500129   16.0                2.17                    
310258500       19510728    850                4.88                    
310258500       19520118   1010                5.10                    
310258500       19521217    272                3.25                    
310258500       19540322    358                3.44                    
310258500       19550718    263                3.60                    
310258500       19560726   0.40                1.72                    
310258500       19570113   4.20                1.92                    
310258500       19580403   1130                4.90                    
310258500       19590216   82.0                2.40                    
310258500       19600910   76.0                2.52                    
310258500       19610823   25.0                1.98                    
310258500       19620309   4.80                1.63                    
310258500       19630807    100                2.98                    
310258500       19631018    488                3.77                    
310258500       19650717    181                3.65                    
310258500       19651122   1520                5.61                    
310258500       19661206    975                4.60                    
310258500       19680728    500                4.26                    
310258500       19690125   1490                5.58                    
310258500       19700301    126                2.68                    
310258500       19701221   84.0                2.58                    
310258500       1972       0.00Bm                                      
310258500       19730211    206                2.96                    
310258500       19740108   43.0                2.10                    
310258500       19741022    892                4.62                    
310258500       19760910   4050                6.81                    
310258500       19770815    175                3.67                    
310258500       19780104   1160                5.08                    
310258500       19790720   4400                6.38                    
310258500       19800221   7000                7.29                    
310258500       19810209   59.0                2.47                    
310258500       19820811   1320                4.62                    
310258500       19830301   4140                6.30                    
310258500       19840727   1130                4.63                    
310258500       19841219    140                3.22                    
310258500       19860215   3360                5.98                    
310258500       19870105   7.70                2.36                    
310258500       19880824   2450                5.53                    
310258500       19890809    252                3.51                    
310258500       1990       0.00Bm                                      
310258500       19910301   1490                6.80                    
310258500       19920215    224                3.76                    
310258500       19930116   4950                7.05                    
310258500       19940809   2770                5.56                    
310258500       19950905   2630                6.19                    
310258500       19960728   47.0                2.48                    
310258500       19970722   47.0                2.34                    
310258500       19980214   2320                6.00                    
310258500       19990712   1290                5.13                    
310258500       20000825   1110                5.08                    
310258500       20010706    666                4.28                    
310258500       2002       0.00Bm                                      
310258500       20030316   75.0                2.18                    
310258500       20040911   1630                5.47                    
310258500       20050109   1890                4.46                    
310258500       20051018   24802               5.30                    
310258500       2007       0.00Bm                                      
310258500       20080720    342                2.60                    
310258500       20090216    100                2.00                    
310258500       20100121    937                4.02                    
310258500       20101222    888                3.94                    
310258500       20120830    199                2.27                    
310258500       20130903   18202               6.32                    
310258500       20140906   92.0                2.50                    
310258500       20141203   5.70                1.492                   
310258500       20160107    129                2.38                    
310258500       20170227   1810                5.43                    
310258500       20180109   5.21                1.39                    
310258500       20190214   5380                8.25                    
