Z10263500                       USGS 
H10263500       3425151175019000606037SW1809020622.9           4050.00          
N10263500       BIG ROCK C NR VALYERMO CA
Y10263500       
310263500       19230410   27.0                1.40                    
310263500       19240414   19.0                1.35                    
310263500       19250404   16.0                1.41                    
310263500       19260407    416                3.38                    
310263500       19270216    510                3.70                    
310263500       19280204   86.0                2.00                    
310263500       19290310    136                2.25                    
310263500       19300325   56.0                1.94                    
310263500       19310426   98.0                2.20                    
310263500       19320208    800                4.15                    
310263500       19330404   24.0                1.82                    
310263500       19340101    246                2.97                    
310263500       19341214    338                3.10                    
310263500       19360223   70.0                1.85                    
310263500       19370206    360                3.25                    
310263500       19380302   8300                                        
310263500       19381218    450                9.70                    
310263500       19400225    150                3.28                    
310263500       19410221    512                4.10                    
310263500       19420810    175                2.90                    
310263500       19430123   3040                7.03                    
310263500       19431219    180                2.98                    
310263500       19441111    513                3.88                    
310263500       19451221    650                4.17                    
310263500       19461226    900                4.58                    
310263500       19480429   84.0                2.63                    
310263500       19490423   26.0                2.32                    
310263500       19500206   48.0                2.47                    
310263500       19510428   4.30                2.02                    
310263500       19511230    224                3.00                    
310263500       19521201   17.0                2.24                    
310263500       19540125    320                3.39                    
310263500       19541111   48.0                2.45                    
310263500       19560126    380                3.52                    
310263500       19570113    362                3.87                    
310263500       19571215    399                4.05                    
310263500       19590216    215                3.28                    
310263500       19600201   6.50                1.85                    
310263500       19601105   34.0                2.32                    
310263500       19620211   1090                5.68                    
310263500       19630209   80.0                2.56                    
310263500       19631120   13.0                1.80                    
310263500       19650426   46.0                2.30                    
310263500       19651229   2100                6.702                   
310263500       19661206   1290                4.54                    
310263500       19671119    240                2.96                    
310263500       19690125   4760                7.70                    
310263500       19700228    182                2.07                    
310263500       19701129    534                5.21                    
310263500       19711224    288                4.79                    
310263500       19730211    161                4.39                    
310263500       19740302   35.0                3.65                    
310263500       19750306   31.0                3.77                    
310263500       19760911    360                4.90                    
310263500       19770508   68.0                3.89                    
310263500       19780304   4070                6.73                    
310263500       19790327    118                2.40                    
310263500       19800216   1510                5.00                    
310263500       19810301   23.0                1.31                    
310263500       19820411    484                3.66                    
310263500       19830301   1990                5.38                    
310263500       19831225    473                3.57                    
310263500       19850407   28.0                2.19                    
310263500       19860130    632                3.85                    
310263500       19870306   60.0                2.40                    
310263500       19871031    247                3.13                    
310263500       19881224   35.0                2.44                    
310263500       19900217   29.0                2.40                    
310263500       19910301    295                3.25                    
310263500       19920212   1010                4.34                    
310263500       19930218   2240                5.62                    
310263500       19940207   33.0                2.17                    
310263500       19950110    494                3.64                    
310263500       19960221    413                3.50                    
310263500       19970126    120                2.73                    
310263500       19980223   1660                5.07                    
310263500       19990619   26.0                2.07                    
310263500       20000220    175                2.94                    
310263500       20010321   53.0                2.35                    
310263500       20011112   7.30                1.782                   
310263500       20030212   1340                4.73                    
310263500       20031225    159                2.74                    
310263500       20050109   2550                5.90                    
310263500       20060228    744                4.01                    
310263500       20061011   6.60                1.692                   
310263500       20080127    458                3.55                    
310263500       20090206   43.0                2.17                    
310263500       20100118    122                2.61                    
310263500       20110401    250                2.71                    
310263500       20111005   17.02                                       
310263500       20130125   17.0                2.10                    
310263500       20140228    488                3.62                    
310263500       20150612   79.0                2.53                    
310263500       20160105   15.0                2.00                    
310263500       20170217    127                2.53                    
310263500       20180322   89.1                2.35                    
310263500       20190214    859                3.97                    
