Z10316500                       USGS 
H10316500       4041271152834003232007SW1604010124.9           6240.            
N10316500       LAMOILLE CK NR LAMOILLE, NV
Y10316500       
310316500       19150609    315                1.94                    
310316500       19160617    330                2.06                    
310316500       191706      50028Bd                                    
310316500       19180612    300                2.84                    
310316500       19190528    360                3.18                    
310316500       19200528    377                3.30                    
310316500       192105      4001Bd                                     
310316500       19220607    416                3.10                    
310316500       19230611    352                2.80                    
310316500       19440626    341                                        
310316500       19450623    486                                        
310316500       19460605    299                                        
310316500       19470506    326                                        
310316500       19480527    383                                        
310316500       19490611    330                                        
310316500       19500706    588                                        
310316500       19510526    505                                        
310316500       19520605    415                                        
310316500       19530618    311                                        
310316500       19540519    235                                        
310316500       19550609    323                                        
310316500       19560524    447                                        
310316500       19570604    7943                                       
310316500       19580524    457                                        
310316500       19590606    238                                        
310316500       19600602    348                                        
310316500       19610525    340                                        
310316500       19620620    415                                        
310316500       19630620    570                                        
310316500       19640606    473                                        
310316500       19650611    448                                        
310316500       19660506    246                                        
310316500       19670621    473                3.21                    
310316500       19680618    391                2.99                    
310316500       19690525    369                2.98                    
310316500       19700623    680                3.61                    
310316500       19710621    712                3.92                    
310316500       19720608    617                3.65                    
310316500       19730519    660                3.85                    
310316500       19740614    400                3.44                    
310316500       19750615    560                5.6936                   
310316500       19760517    291                4.44                    
310316500       19770606    359                4.67                    
310316500       19780608    400                4.89                    
310316500       19790527    536                5.24                    
310316500       19800620    477                5.27                    
310316500       19810608    252                4.23                    
310316500       19820926    829                6.23                    
310316500       19830530    735                6.05                    
310316500       19840531    676                5.70                    
310316500       19850607    444                4.85                    
310316500       19860603    838                6.08                    
310316500       19870517    297                4.45                    
310316500       19880604    313                4.49                    
310316500       19890509    342                4.66                    
310316500       19900610    361                4.772                   
310316500       19910611    472                5.22                    
310316500       19920508    160                3.90                    
310316500       19930520    514                5.38                    
310316500       19940515    309                4.63                    
310316500       19950603    787                6.11                    
310316500       19960516    736                5.07                    
310316500       19970604    838                5.29                    
310316500       19980630    555                4.64                    
310316500       19990527    644                4.90                    
310316500       20000526    473                4.71                    
310316500       20010516    581                5.06                    
310316500       20020531    478                4.63                    
310316500       20030530    792                5.40                    
310316500       20040604    281                4.04                    
310316500       20050528    761                5.34                    
310316500       20060519    766                5.37                    
310316500       20070519    228                3.79                    
310316500       20080519    479                4.70                    
310316500       20090620    394                4.46                    
310316500       20100606   1140                6.14                    
310316500       20110615    740                5.37                    
310316500       20120501    203                3.70        2011          
310316500       20130515    227                3.89                    
310316500       20140527    356                4.38                    
310316500       20150610    734                5.10                    
310316500       20160608    707                5.05                    
310316500       20170607    697                5.77                    
310316500       20180604    325R               4.31R                   
310316500       20190606    644                5.54                    
