Z10329500                       USGS 
H10329500       4132051172501003232013SW16040109175.25         4648.9           
N10329500       MARTIN CK NR PARADISE VALLEY, NV
Y10329500       
310329500       19220519    275                6.67                    
310329500       19230521    101                4.92                    
310329500       19240208   74.0                4.65                    
310329500       19250204    550                8.60                    
310329500       19260304    220                6.15                    
310329500       19270221   2000               12.00                    
310329500       19280510    1651                                       
310329500       19290524   82.0                5.18                    
310329500       193005     85.0Bd              5.05Bd                   
310329500       19310318    106                5.02                    
310329500       19320319    4202                                       
310329500       19330818    570                9.30                    
310329500       19340329   56.01                                       
310329500       19350531    242                6.74                    
310329500       19360423    200                6.93                    
310329500       19370415    247                7.52                    
310329500       19380419   1000               11.00                    
310329500       19390320    330                3.90                    
310329500       19400227    441                4.09                    
310329500       19410301    361                3.73                    
310329500       19420331    400                3.90                    
310329500       19430121   9000               11.10                    
310329500       19440510    145                1.36                    
310329500       19450202   1500                5.00                    
310329500       19451228    269                1.996                   
310329500       19470212    296                2.673                   
310329500       19480107    201                2.50                    
310329500       19490412    209                2.57                    
310329500       19500319    262                3.17                    
310329500       19510207    470                3.98                    
310329500       19520406    955                5.55                    
310329500       19530529    174                2.81                    
310329500       19540309    177                2.71                    
310329500       19550307   87.0                2.27                    
310329500       19560115   1200                5.49                    
310329500       19570225    684                4.21                    
310329500       19580225   1940                7.30                    
310329500       19590404   71.0                1.92                    
310329500       19600307    265                3.01                    
310329500       19610806    780                4.44                    
310329500       19620327    808                4.50                    
310329500       19630131   3770                7.40                    
310329500       19640331    184                2.17                    
310329500       19641224    880                3.90                    
310329500       19660402   84.0                1.77                    
310329500       19670129    560                3.05                    
310329500       19680223    207                2.09                    
310329500       19690121   1560                4.97                    
310329500       19700122    840                3.73                    
310329500       19710118    656                3.20                    
310329500       19720303    632                3.23                    
310329500       19730116   1380                4.73                    
310329500       19740115    880                3.76                    
310329500       19750711   2430                6.10                    
310329500       19760317    150                1.92                    
310329500       19770610    203                2.17                    
310329500       19780401    360                2.70                    
310329500       19790307    445                2.98                    
310329500       19800113   2580                6.22                    
310329500       19810214    152                1.82                    
310329500       19820216   1390                4.78                    
310329500       19830313   1500                4.86                    
310329500       19840515   1130                4.35                    
310329500       19850402    193                2.21                    
310329500       19860217   4350                8.80                    
310329500       19870526    118                1.48                    
310329500       19880517   28.0                0.81                    
310329500       19890308   1120                4.23                    
310329500       19900226    264                2.17                    
310329500       19910304    288                2.26                    
310329500       19920220   87.0                1.37                    
310329500       19930514    294                2.50                    
310329500       19940513   64.0                1.26                    
310329500       19950506   1150                4.42                    
310329500       19960310    431                2.72                    
310329500       19970102   2540                6.72                    
310329500       19980513    601                3.41                    
310329500       19990301    527                3.15                    
310329500       20000405    134                1.69                    
310329500       20010428   64.0                1.52                    
310329500       20020306    329                2.56                    
310329500       20030530    132                1.69                    
310329500       20040319    395                3.05                    
310329500       20050516    583                3.37                    
310329500       20051231   1790                7.81                    
310329500       20070313   41.0                2.593                   
310329500       20080519    196                3.81                    
310329500       20090506   97.0                3.16                    
310329500       20100605    142                3.49                    
310329500       20110418   1030                6.41                    
310329500       20120426   98.0                3.13                    
310329500       20121205   89.0                3.08                    
310329500       20140213   83.0                3.02                    
310329500       20150209   97.0                3.16                    
310329500       20160314    272                4.20                    
310329500       20170209   2320                9.49                    
310329500       20180322    366                4.43                    
310329500       20190227    646                5.65                    
