Z10336660                       USGS 
H10336660       3906271200940000606061SW1605010111.2           6234.59          
N10336660       BLACKWOOD C NR TAHOE CITY CA
Y10336660       
310336660       19610510    200                5.98                    
310336660       19620508    238                6.13                    
310336660       19630131   2000                8.90                    
310336660       19631115    322                4.27                    
310336660       196412     2100Bd                                      
310336660       19660510    198                5.21                    
310336660       19670316   1670                7.84                    
310336660       19680220    334                6.11                    
310336660       19690524    605                6.35                    
310336660       19700121   1910                8.48                    
310336660       19710626    585                3.386                   
310336660       19720513    287                2.41                    
310336660       19730513    393                2.78                    
310336660       19731112    704                3.64                    
310336660       19750606    449                2.87                    
310336660       19751026    274                2.28                    
310336660       19770601   88.0                1.42                    
310336660       19780514    301                2.39                    
310336660       19790521    336                2.51                    
310336660       19800113   1100                8.651                   
310336660       19810501    208                2.46                    
310336660       19811220   1840                8.02                    
310336660       19830529    687                3.79                    
310336660       19831117    548                3.45                    
310336660       19850502    202                2.36                    
310336660       19860308   1640                6.14                    
310336660       19870427    170                2.26                    
310336660       19880515   87.0                1.74                    
310336660       19890507    291                2.87                    
310336660       19900428    125                1.982                   
310336660       19910525    177                2.372                   
310336660       19920417    159                2.26                    
310336660       19930531    534                3.592                   
310336660       19940511    143                2.12                    
310336660       19950501    636                3.852                   
310336660       19960516    963                4.74                    
310336660       19970101   2940                9.82                    
310336660       19980607    432                3.20                    
310336660       19990526    429                3.24                    
310336660       20000508    435                3.31                    
310336660       20010515    163                2.20                    
310336660       20020414    2492               3.01                    
310336660       20030528    372                3.01                    
310336660       20040504    242                2.62                    
310336660       20050519    765                4.17                    
310336660       20051231   2260                7.43                    
310336660       20070509    178                2.57                    
310336660       20080517    343                3.01                    
310336660       20090505    599                3.48                    
310336660       20100606    462                3.09                    
310336660       20110622    571                3.25                    
310336660       20120426    483                3.20                    
310336660       20121202   1230                3.53                    
310336660       20140209    120                1.7426                   
310336660       20150208    577               11.13                    
310336660       20160130    534               11.02                    
310336660       20170108   1680R              14.31                    
310336660       20180407   1160               13.05                    
310336660       20190605    452               10.962                   
