Z10336645                       USGS 
H10336645       3903071200703000606017SW160501017.44                            
N10336645       GENERAL C NR MEEKS BAY CA
Y10336645       
310336645       19810430    134                2.11                    
310336645       19811220    765                5.43                    
310336645       19830529    335                3.24                    
310336645       19831111    359                3.42                    
310336645       19850501    129                2.14                    
310336645       19860308    534                4.30                    
310336645       19870427    103                2.01                    
310336645       19880413   43.0                1.51                    
310336645       19890507    201                2.60                    
310336645       19900415   87.0                1.94                    
310336645       19910523    154                2.35                    
310336645       19920417   99.0                2.03                    
310336645       19930531    288                3.022                   
310336645       19940419   87.0                1.93                    
310336645       19950501    331                3.29                    
310336645       19960516    563                4.44                    
310336645       19970102    797                7.861                   
310336645       19980607    303                3.24                    
310336645       19990526    307                3.16                    
310336645       20000524    206                2.58                    
310336645       20010508    114                2.12                    
310336645       20020414    162                2.36                    
310336645       20030528    242                2.80                    
310336645       20040504    167                2.40                    
310336645       20050519    416                4.21                    
310336645       20051231    7492               7.13                    
310336645       20070428    132                2.46                    
310336645       20080515    227                2.90                    
310336645       20090503    267                3.00                    
310336645       20100606    344                3.35                    
310336645       20110622    317                3.21                    
310336645       20120426    227                2.71                    
310336645       20121202    404                3.65                    
310336645       20140417   74.0                1.75                    
310336645       20150208    316                3.22                    
310336645       20160306    138                2.13                    
310336645       20170108    861                5.93                    
310336645       20180407    456                4.26                    
310336645       20190603    277                3.342                   
