Z10348850                       USGS 
H10348850       3921161195127003232031SW160501027.69           6320.00          
N10348850       GALENA CK AT GALENA CK STATE PARK, NV
Y10348850       
310348850       19841126   46.0                1.21                    
310348850       19860603   78.0                1.63                    
310348850       19870427   55.0                1.31                    
310348850       19880410   17.0                0.982                   
310348850       19890610   54.0                1.48                    
310348850       19900712   44.0                1.72                    
310348850       19910304   22.01                                       
310348850       19920417   14.0                1.46                    
310348850       19930621   43.0                1.88                    
310348850       19940418   38.0                1.86                    
310348850       19950625   99.0                2.28                    
310348850       19960608    168                2.03                    
310348850       19970102   2610                5.5436                   
310348850       19980625   67.0                6.44                    
310348850       19990526    123                6.47                    
310348850       20000524   87.0                6.25                    
310348850       20010410   42.0                6.07                    
310348850       20020531   78.0                6.32                    
310348850       20030601   78.0               11.6536                   
310348850       20040504   25.0               11.17                    
310348850       20050522    135               11.95                    
310348850       20060610    160               12.04                    
310348850       20070428   19.0               11.26                    
310348850       20080518   50.0               11.52                    
310348850       20090521    110               11.94                    
310348850       20100607   88.0               11.93                    
310348850       20101024    103               12.02                    
310348850       20180407   41.4               11.422                   
310348850       20190619    130               12.11                    
