Z11141280                       USGS 
H11141280       3514081202817000606079SW1806000620.9           580              
N11141280       LOPEZ C NR ARROYO GRANDE CA
Y11141280       
311141280       19670730   9.00                2.44                    
311141280       19680308   32.0                2.79                    
311141280       19690125   2830                9.26                    
311141280       19700116    198                4.10                    
311141280       19701221    143                4.62                    
311141280       19711227    199                4.98                    
311141280       19730118   2120                8.60                    
311141280       19740107    732                6.06                    
311141280       19750202    200                4.54                    
311141280       19760302   43.0                3.89                    
311141280       19770103   15.0                3.76                    
311141280       19780304   1960                8.17                    
311141280       19790328    175                4.46                    
311141280       19800216    997                6.63                    
311141280       19810129    485                5.45                    
311141280       19820411   1460                7.42                    
311141280       19830301   1390                9.62                    
311141280       19831225    305                7.50                    
311141280       19850208    510                5.586                   
311141280       19860214   1500                7.81                    
311141280       19870213    171                5.57                    
311141280       19880229    187                5.65                    
311141280       19881224    163                5.53                    
311141280       19900217   13.0                4.21                    
311141280       19910318    332                6.30                    
311141280       19920212    506                6.90                    
311141280       19930223    330                6.59                    
311141280       19940219    307                6.19                    
311141280       19950310   2080                8.75                    
311141280       19960219    632                7.12                    
311141280       19970102    754                7.32                    
311141280       19980203    792               10.123                   
311141280       19990209    236                8.67                    
311141280       20000214    378                9.13                    
311141280       20010305   1380               11.21                    
311141280       20011202   83.0                7.24                    
311141280       20030315    339                8.48                    
311141280       20040225    592                9.33                    
311141280       20041231   2020               12.42                    
311141280       20060102   1010               10.90                    
311141280       20070211   16.0                7.21                    
311141280       20080128    16312                                      
311141280       20090216   22.0                8.272                   
311141280       20091014    642               11.10                    
311141280       20101219    857               12.28                    
311141280       20120413    127                8.86                    
311141280       20121224    171                9.21                    
311141280       20140302   23.0                7.84                    
311141280       20150209   21.0                7.70                    
311141280       20160119    119                8.87                    
311141280       20170111    489               10.94                    
311141280       20180322    422               10.75                    
311141280       20190203    407               10.70                    
