Z11151300                       USGS 
H11151300       3616051210355000606053SW18060005233            431.48           
N11151300       SAN LORENZO C BL BITTERWATER C NR KING CITY CA
Y11151300       
311151300       19590218   1030                6.39                    
311151300       19600202    133                4.45                    
311151300       19601201    294                4.91                    
311151300       19620209   2050                8.02                    
311151300       19630210   2130                8.13                    
311151300       19631120    585                6.10                    
311151300       19650106    256                5.29                    
311151300       19651123   1270                7.36                    
311151300       19661206   3630                9.746                   
311151300       19680314   48.0                4.55                    
311151300       19690125  11500               15.33                    
311151300       19700301    560                6.06                    
311151300       19701221    381                5.68                    
311151300       19711227    459                5.98                    
311151300       19730211   4320               10.82                    
311151300       19740107   3000                9.58                    
311151300       19750202   2250                8.85                    
311151300       19760929    453                6.73                    
311151300       19761001    925                7.40                    
311151300       19780116   8810               14.00                    
311151300       19790115   2570                9.18                    
311151300       19800216   1470                8.07                    
311151300       19810319    581                6.60                    
311151300       19820411   2850                9.73                    
311151300       19830302   5250               11.89                    
311151300       19831225    195                4.40                    
311151300       19841216    122                4.07                    
311151300       19860315   2020                8.70                    
311151300       19870306    377                5.57                    
311151300       19880117    192                4.90                    
311151300       19881225   56.0                4.44                    
311151300       19900217    131                5.39                    
311151300       19910320   2730                9.61                    
311151300       19920215   1660                8.20                    
311151300       19930114   9900               14.14                    
311151300       19940220    714                5.13                    
311151300       19950310  11100               14.78                    
311151300       19960205   1140                6.14                    
311151300       19970102   4210                9.96                    
311151300       19980207   9460               13.83                    
311151300       19990412    392                4.47                    
311151300       20000223   1160                6.16                    
311151300       20010305   2220                7.69                    
311151300       20020103    268                4.40                    
311151300       20021216    932                5.82                    
311151300       20040226    480                6.32                    
311151300       20041231   6000               12.26                    
311151300       20060405   1180                7.75                    
311151300       20061210   9.50                4.24                    
311151300       20080127   1070                7.49                    
311151300       20090304    750                6.91                    
311151300       20100120   2820                9.64                    
311151300       20110320   4000               10.22                    
311151300       20120414   36.0                0.32                    
311151300       20121224    446                8.07                    
311151300       20140301   3.70                5.16                    
311151300       20150217    217                7.06                    
311151300       20160120    154                7.00                    
311151300       20170218   2410               12.77                    
311151300       20180322   2260               13.02                    
311151300       20190203   1180               10.51                    
