Z11176400                       USGS 
H11176400       3733411214058000606001SW18050004130            750              
N11176400       ARROYO VALLE BL LANG CYN NR LIVERMORE CA
Y11176400       
311176400       19640121    256                3.73                    
311176400       19641223   2330                6.12                    
311176400       19651229    430                4.02                    
311176400       19670121   5080                8.14                    
311176400       19680130    492                4.35                    
311176400       19690125   5340                8.90                    
311176400       19700301   1710                6.22                    
311176400       19701202    947                5.28                    
311176400       19711225    105                3.27                    
311176400       19730207   2040                6.56                    
311176400       19740401   1130                5.53                    
311176400       19750307   1350                5.80                    
311176400       19760302   8.20                1.076                   
311176400       19770103   7.00                1.05                    
311176400       19780116   3470                4.13                    
311176400       19790222    989                2.59                    
311176400       19800219   5710                5.40                    
311176400       19810129    685                2.37                    
311176400       19820105   7030                6.22                    
311176400       19830124   6660                6.04                    
311176400       19831225   1940                3.26                    
311176400       19850208    470                1.99                    
311176400       19860217   8790                7.36                    
311176400       19870213    676                2.24                    
311176400       19880117    106                1.37                    
311176400       19890311    148                1.47                    
311176400       19900217   86.0                1.31                    
311176400       19910324   2340                3.51                    
311176400       19920215   2130                3.38                    
311176400       19930113   3890                4.45                    
311176400       19940220    166                1.51                    
311176400       19950310   8490                7.18                    
311176400       19960219   4110                4.58                    
311176400       19970123   5280                5.27                    
311176400       19980203   7750                6.73                    
311176400       19990209   1570                3.01                    
311176400       20000213   3560                4.25                    
311176400       20010305   1320                2.82                    
311176400       20011229    448                1.97                    
311176400       20021216   3590                4.27                    
311176400       20040225   2370                3.53                    
311176400       20041231   1130                2.67                    
311176400       20051231   3110                3.98                    
311176400       20070226    328                1.80                    
311176400       20080126   4620                4.65                    
311176400       20090304   3210                4.51                    
311176400       20100120   3010                6.60                    
311176400       20110320   3570                6.38                    
311176400       20120413    197                1.64                    
311176400       20121223   3500                6.30                    
311176400       20140228   39.0                1.12                    
311176400       20141216    609                2.31                    
311176400       20160313   1660                4.05                    
311176400       20170221   7700                6.91                    
311176400       20180322    452R               1.94R                   
311176400       20190117   3740                4.73                    
