Z11180960                       USGS 
H11180960       3743041220312000606001SW180500045.79                            
N11180960       CULL C AB CULL C RES NR CASTRO VALLEY CA
Y11180960       
311180960       19790221    274                2.92                    
311180960       19800113    638                4.28                    
311180960       19810128   79.0                2.07                    
311180960       19820105   1690                8.71                    
311180960       19830313   1300                7.36                    
311180960       19831124    373                4.32                    
311180960       19850208    315                4.08                    
311180960       19860218    956                6.15                    
311180960       19870213    322                4.11                    
311180960       19880116   46.0                2.41                    
311180960       19890325   67.0                2.58                    
311180960       19900216   7.20                1.41                    
311180960       19910326   99.0                2.47                    
311180960       19920212    186                3.09                    
311180960       19930113    953                6.14                    
311180960       19940219   50.0                1.98                    
311180960       19950109    477                4.50                    
311180960       19960221    391                4.14                    
311180960       19970102   1270                7.16                    
311180960       19980203   1560                8.21                    
311180960       19990207    683                4.99                    
311180960       20000213    841                5.57                    
311180960       20010223   30.012                                      
311180960       20011230    197                2.87                    
311180960       20021216    842                5.92                    
311180960       20040225    634                4.36                    
311180960       20050323    287                2.82                    
311180960       20051231    967                5.62                    
311180960       20070226    182                2.31                    
311180960       20080202    259                2.69                    
311180960       20090223    125                2.01                    
311180960       20100120    380                3.26                    
311180960       20110324    627                4.33                    
311180960       20120413    432                3.50                    
311180960       20121202    654                4.44                    
311180960       20140401   34.0                1.34                    
311180960       20141211    254                2.67                    
311180960       20160119    561                4.06                    
311180960       20170110   1090                6.03                    
311180960       20180407    348                3.12                    
311180960       20190116    674                4.52                    
