Z11237500                       USGS 
H11237500       3711551191246000606019SW1804000622.9           7020             
N11237500       PITMAN C BL TAMARACK C CA
Y11237500       
311237500       19280325    421                5.43                    
311237500       19290616    551                5.83                    
311237500       19300519    195                4.43                    
311237500       19310430    152                4.05                    
311237500       19320516    605                5.93                    
311237500       19330528    455                5.51                    
311237500       19340414    151                4.07                    
311237500       19350523    605                5.94                    
311237500       19360504    532                5.76                    
311237500       19370513    885                6.44                    
311237500       19371211   2960                9.65                    
311237500       19390420    220                4.51                    
311237500       19400509    510                5.77                    
311237500       19410522    758                7.12                    
311237500       19420525    932                7.75                    
311237500       19430428    700                7.00                    
311237500       19440522    385                5.82                    
311237500       19450503    548                6.47                    
311237500       19451030    618                6.72                    
311237500       19470502    302                5.44                    
311237500       19480516    435                6.03                    
311237500       19490513    440                6.052                   
311237500       19500517    354                5.68                    
311237500       19501119   3220               10.77                    
311237500       19520527    834                7.31                    
311237500       19530427    334                5.59                    
311237500       19540508    455                6.112                   
311237500       19550521    428                6.00                    
311237500       19551223   3670               11.20                    
311237500       19570518   1040                7.95                    
311237500       19580522    975                7.67                    
311237500       19590430    196                5.05                    
311237500       19600511    227                5.24                    
311237500       19610416    138                4.62                    
311237500       19620505    574                6.68                    
311237500       19630201   1340                8.37                    
311237500       19640525    318                5.70                    
311237500       19650517    651                6.86                    
311237500       19660416    287                5.49                    
311237500       19661206   1620                8.82                    
311237500       19680428    148                4.72                    
311237500       19690531   1210                8.32                    
311237500       19700116    392                6.05                    
311237500       19710515    390                6.10                    
311237500       19720502    178                5.09                    
311237500       19730518   1130                8.15                    
311237500       19740508    660                7.07                    
311237500       19750601    993                7.88                    
311237500       19760509    162                5.00                    
311237500       19770609    126                4.68                    
311237500       19780529    990                7.68                    
311237500       19790519    837                7.34                    
311237500       19800113   1010                7.92                    
311237500       19810430    362                6.04                    
311237500       19820411   1650                9.00                    
311237500       19830529   1270                8.44                    
311237500       19831225    772                7.37                    
311237500       19850414    298                5.85                    
311237500       19860308    5181                                       
311237500       19870515    292                5.80                    
311237500       19880513    143                4.84                    
311237500       19890409    292                5.82                    
311237500       19900427    207                5.34                    
311237500       19910524    419                6.35                    
311237500       19920429    280                5.76                    
311237500       19930531   1090                8.09                    
311237500       19940531    229                5.49                    
311237500       19950604   1120                8.15                    
311237500       19960516   3540               11.04                    
311237500       19970102   5500               12.65                    
311237500       19980615   1210                8.20                    
311237500       19990512    395                6.19                    
311237500       20000508    575                6.74                    
311237500       20010508    468                6.42                    
311237500       20020414    265                4.25                    
311237500       20030523    387                4.67                    
311237500       20040427    221                4.05                    
311237500       20050516   1650                6.41                    
311237500       20060521   2140                6.75                    
311237500       20070428    145                3.70                    
311237500       20080517    383                5.44                    
311237500       20090502    577                5.94                    
311237500       20100606    960                6.66                    
311237500       20110615    987                6.70                    
311237500       20120426    457                5.65                    
311237500       20130423    138                4.67                    
311237500       20140429   96.0                4.46                    
311237500       20150209    512                5.79                    
311237500       20160513    302                5.22                    
311237500       20170109   2550                7.99                    
311237500       20180407   1760                7.49                    
311237500       20190216    7192               6.245                   
