Z11253310                       USGS 
H11253310       3624081202557000606019SW1803000946.4           680              
N11253310       CANTUA C NR CANTUA CREEK CA
Y11253310       
311253310       19580402    751                3.34                    
311253310       19590216    690                3.15                    
311253310       19600201   59.0                0.66                    
311253310       1961       0.00Bm                                      
311253310       19620209    472                2.44                    
311253310       19630209    254                1.69                    
311253310       19631120   82.0                0.83                    
311253310       19650107    113                1.03                    
311253310       19651123    157                1.26                    
311253310       19661206    651                4.576                   
311253310       19680401   9.10                1.86                    
311253310       19690224   1920                6.60                    
311253310       19700301    108                2.97                    
311253310       19710511    170                3.20                    
311253310       19720607   79.0                2.82                    
311253310       19730211    418                3.91                    
311253310       19740107   41.0                2.47                    
311253310       19750307    300                3.57                    
311253310       19760929    560                4.50                    
311253310       19770105   85.0                2.79                    
311253310       19780116    960                5.30                    
311253310       19790115    288                3.55                    
311253310       19800216    847                5.06                    
311253310       19810319   70.0                2.60                    
311253310       19820411    404                3.87                    
311253310       19830301   3420                5.72                    
311253310       19831225    248                2.86                    
311253310       19850311   16.0                2.03                    
311253310       19860315    923                3.80                    
311253310       19870305   96.0                2.51                    
311253310       19880229   77.0                2.44                    
311253310       19890929   5.70                1.81                    
311253310       19900923   2430                5.05                    
311253310       19910320   1940                4.70                    
311253310       19920212    680                3.52                    
311253310       19930114   2020                4.76                    
311253310       19940219   19.0                2.07                    
311253310       19950310   2970                7.13                    
311253310       19960205    102                1.86                    
311253310       19970126    202                2.54                    
311253310       19980207   1150                5.48                    
311253310       19990412   8.00                1.20                    
311253310       20000214    126                2.03                    
311253310       20010305   1060                4.20                    
311253310       20020317   1.20                0.74                    
311253310       20030503    117                1.80                    
311253310       20040225    205                2.14                    
311253310       20041231   1100                4.28                    
311253310       20060102    281                2.55                    
311253310       20070423   0.55                0.72                    
311253310       20080127    335                2.71                    
311253310       20090304   21.0                1.32                    
311253310       20100120    440                3.38                    
311253310       20110320    538                4.26                    
311253310       20120414   3.60                1.05                    
311253310       20121224   32.0                1.59                    
311253310       20140301   87.0                2.13                    
311253310       20141212   0.04                0.58                    
311253310       20160505    200                2.89                    
311253310       20170217    155                2.62                    
311253310       20180322    187                2.81                    
311253310       20190117    217                2.98                    
