Z11266500                       USGS 
H11266500       3743011193955000606043SW18040008321            3861.66          
N11266500       MERCED R A POHONO BRIDGE NR YOSEMITE CA
Y11266500       
311266500       19170610   5880                8.75                    
311266500       19180612   4000                7.05                    
311266500       19190529   6150                9.80                    
311266500       19200520   5050                8.80                    
311266500       19210611   4610                8.40                    
311266500       19220605   6370               10.00                    
311266500       19230516   4500                8.30                    
311266500       19240502   2120                5.95                    
311266500       19250506   4500                8.30                    
311266500       19260505   3950                7.77                    
311266500       19270517   5700                9.48                    
311266500       19280325   4680                8.58                    
311266500       19290616   4890                9.25                    
311266500       19300528   2780                7.23                    
311266500       19310507   1840                6.10                    
311266500       19320518   4780                9.12                    
311266500       19330531   4230                8.60                    
311266500       19340614   1470                5.43                    
311266500       19350605   5110                9.44                    
311266500       19360505   4450                8.84                    
311266500       19370515   6010               10.25                    
311266500       19371211  22000               19.10                    
311266500       19390422   2200                5.95                    
311266500       19400513   4750                8.45                    
311266500       19410524   6410                9.55                    
311266500       19420525   5860                9.21                    
311266500       19430428   6370                9.53                    
311266500       19440509   3470                7.36                    
311266500       19450505   5810                9.18                    
311266500       19460507   4680                8.15                    
311266500       19470503   3930                7.52                    
311266500       19480527   5100                8.50                    
311266500       19490514   4450                7.96                    
311266500       19500528   4490                7.99                    
311266500       19501119  23000               19.98                    
311266500       19520528   6790                9.63                    
311266500       19530427   3480                7.11                    
311266500       19540520   3990                7.57                    
311266500       19550522   3870                7.46                    
311266500       19551223  23400               21.52                    
311266500       19570518   4880                9.24                    
311266500       19580519   6630               10.43                    
311266500       19590513   2340                6.80                    
311266500       19600512   3010                7.54                    
311266500       19610405   1550                5.84                    
311266500       19620506   4300                8.59                    
311266500       19630201  13200               14.25                    
311266500       19640526   2710                6.91                    
311266500       19641223  18000               16.96                    
311266500       19660508   2670                6.97                    
311266500       19670523   6950               10.53                    
311266500       19680430   2020                6.13                    
311266500       19690602   8190               11.34                    
311266500       19700518   4150                8.31                    
311266500       19710516   3420                7.63                    
311266500       19720608   3270                7.48                    
311266500       19730531   6620               10.32                    
311266500       19740528   5320                9.31                    
311266500       19750602   7280               10.80                    
311266500       19751026   2060                6.18                    
311266500       19770609   2390                6.58                    
311266500       19780609   6440               10.19                    
311266500       19790522   6010                9.71                    
311266500       19800113  11000               13.01                    
311266500       19810501   3560                7.64                    
311266500       19820411  11200               13.11                    
311266500       19830530   9520               12.11                    
311266500       19840514   5030                8.94                    
311266500       19850414   3060                7.14                    
311266500       19860308   6930               10.39                    
311266500       19870516   2410                6.49                    
311266500       19880516   2090                6.11                    
311266500       19890510   3370                7.48                    
311266500       19900428   1850                5.81                    
311266500       19910604   3560                7.66                    
311266500       19920429   2550                6.65                    
311266500       19930531   6210                9.86                    
311266500       19940531   2640                6.75                    
311266500       19950605   7370               10.70                    
311266500       19960516  12500               13.86                    
311266500       19970103  24600               23.43                    
311266500       19980616   7110               10.52                    
311266500       19990526   4920                8.84                    
311266500       20000508   5060                8.97                    
311266500       20010509   3880                7.72                    
311266500       20020518   3530                7.42                    
311266500       20030529   6510                9.93                    
311266500       20040504   3170                7.02                    
311266500       20050516  10200               12.54                    
311266500       20060522   7550               10.72                    
311266500       20070430   1870                5.79                    
311266500       20080518   4370                8.13                    
311266500       20090502   4900                8.78                    
311266500       20100607   7010               10.45                    
311266500       20110616   7160               10.43                    
311266500       20120426   4230                8.04                    
311266500       20130430   2780                6.62                    
311266500       20140419   1680                5.33                    
311266500       20150209   2370                6.16                    
311266500       20160514   4080                7.90                    
311266500       20170109  10500               12.69                    
311266500       20180407  12100               13.68                    
311266500       20190606   6770               10.13                    
