Z11264500                       USGS 
H11264500       3743531193329000606043SW18040008181            4030             
N11264500       MERCED R A HAPPY ISLES BRIDGE NR YOSEMITE CA
Y11264500       
311264500       19160607   2500                6.20                    
311264500       19170610   3320                6.68                    
311264500       19180612   3180                6.55                    
311264500       19190528   3800                7.10                    
311264500       19200519   2720                6.10                    
311264500       19210612   2720                6.10                    
311264500       19220605   3240                6.55                    
311264500       19230611   2620                6.00                    
311264500       19240502   1240                4.40                    
311264500       19250526   2620                6.02                    
311264500       19260505   2240                5.58                    
311264500       19270516   2820                6.20                    
311264500       19280513   2050                5.42                    
311264500       19290616   2520                5.88                    
311264500       19300607   1870                5.15                    
311264500       19310507   1350                4.56                    
311264500       19320622   2570                5.96                    
311264500       19330615   2520                5.91                    
311264500       19340507    935                3.95                    
311264500       19350605   2820                6.15                    
311264500       19360625   2380                5.75                    
311264500       19370514   3020                6.42                    
311264500       19371211   8400               10.40                    
311264500       19390421   1210                5.17                    
311264500       19400525   2620                6.72                    
311264500       19410523   3220                7.17                    
311264500       19420611   2800                6.87                    
311264500       19430601   3480                7.34                    
311264500       19440608   1980                6.00                    
311264500       19450504   3040                7.00                    
311264500       19451030   3690                7.22                    
311264500       19470503   2450                6.33                    
311264500       19480527   3080                6.78                    
311264500       19490527   2480                6.40                    
311264500       19500601   2520                6.62                    
311264500       19501118   9260               11.55                    
311264500       19520606   3580                7.80                    
311264500       19530619   2180                6.32                    
311264500       19540520   2500                6.70                    
311264500       19550610   2800                6.87                    
311264500       19551223   9860               12.73                    
311264500       19570604   2910                6.95                    
311264500       19580518   3640                7.44                    
311264500       19590512   1520                5.53                    
311264500       19600512   1710                5.76                    
311264500       19610525   1080                4.88                    
311264500       19620610   2230                6.35                    
311264500       19630201   5200                8.29                    
311264500       19640526   1720                5.73                    
311264500       19641223   9240               11.50                    
311264500       19660508   1640                5.62                    
311264500       19670630   4640                8.02                    
311264500       19680529   1480                5.42                    
311264500       19690603   4980                8.18                    
311264500       19700518   2330                6.37                    
311264500       19710613   2170                6.21                    
311264500       19720607   2690                6.71                    
311264500       19730531   4240                7.80                    
311264500       19740528   3260                7.17                    
311264500       19750602   4650                8.02                    
311264500       19760514   1440                5.39                    
311264500       19770609   1800                5.83                    
311264500       19780609   4190                7.77                    
311264500       19790521   3500                7.34                    
311264500       19800113   4040                7.68                    
311264500       19810430   2100                6.15                    
311264500       19820411   4880                8.35                    
311264500       19830529   5450                8.68                    
311264500       19840514   2860                6.97                    
311264500       19850414   1600                5.72                    
311264500       19860531   4040                7.79                    
311264500       19870515   1750                5.85                    
311264500       19880516   1640                5.68                    
311264500       19890509   1910                5.95                    
311264500       19900428   1090                4.93                    
311264500       19910605   2310                6.33                    
311264500       19920508   1490                5.42                    
311264500       19930531   3140                7.05                    
311264500       19940531   1870                5.88                    
311264500       19950709   5220                8.46                    
311264500       19960516   5900                8.84                    
311264500       19970102  10100               13.27                    
311264500       19980616   4150                7.79                    
311264500       19990526   2810                6.76                    
311264500       20000528   2920                6.86                    
311264500       20010509   2330                6.22                    
311264500       20020531   2290                6.18                    
311264500       20030529   4550                7.95                    
311264500       20040504   1830                5.68                    
311264500       20050516   5680                8.72                    
311264500       20060520   4350                7.92                    
311264500       20070430   1180                4.72                    
311264500       20080519   2760                6.59                    
311264500       20090518   2750                6.70                    
311264500       20100607   4470                8.00                    
311264500       20101025   4610                8.05                    
311264500       20120424   2250                6.05                    
311264500       20130430   1750                5.50                    
311264500       20140516   1190                4.71                    
311264500       20150209    882                4.25                    
311264500       20160514   2490                6.30                    
311264500       20170620   5210                8.45                    
311264500       20180407   8060               10.09                    
311264500       20190613   4240                7.79                    
