Z11274500                       USGS 
H11274500       3718561210727000606099SW18040002134            216.01           
N11274500       ORESTIMBA C NR NEWMAN CA
Y11274500       
311274500       19320208   4260                5.15                    
311274500       19330129    345                2.30                    
311274500       19340101    516                2.61                    
311274500       19350408   1320                3.56                    
311274500       19360213   1200                3.45                    
311274500       19370213   2180                4.28                    
311274500       19380211   3230                4.80                    
311274500       19390309    115                1.82                    
311274500       19400227   3440                4.90                    
311274500       19410404   3070                4.72                    
311274500       19420124   1880                4.05                    
311274500       19430121   6450                5.95                    
311274500       19440229   1290                3.53                    
311274500       19450202   5970                5.74                    
311274500       19451225    782                2.87                    
311274500       1947       0.00Bm                                      
311274500       1948       0.00Bm                                      
311274500       19490312    335                2.19                    
311274500       19500205    175                1.80                    
311274500       19501203   2920                4.49                    
311274500       19520112   3660                4.70                    
311274500       19521207    147                1.71                    
311274500       1954       0.00Bm                                      
311274500       19550119   16.0                0.86                    
311274500       19551223   5620                5.18                    
311274500       19570224   1440                3.15                    
311274500       19580402  10200                6.573                   
311274500       19590216   5380                8.853                   
311274500       19600210    448                6.063                   
311274500       1961       0.00Bm                                      
311274500       19620215   1740                7.143                   
311274500       19630201   8300                9.723                   
311274500       19640122    156                5.593                   
311274500       19650106    560                6.203                   
311274500       19651230    128                5.523                   
311274500       19670124   4200                7.503                   
311274500       1968       0.00Bm                                      
311274500       19690125   5080                8.403                   
311274500       19700301   1010                6.04                    
311274500       19701221    584                5.58                    
311274500       1972       0.00Bm                                      
311274500       19730211   1510                6.56                    
311274500       19740303    922                5.98                    
311274500       19750308   1010                6.08                    
311274500       1976       0.00Bm                                      
311274500       1977       0.00Bm                                      
311274500       19780117   4360                8.03                    
311274500       19790221   1270                6.48                    
311274500       19800216   5210                8.48                    
311274500       19810129   1130                6.38                    
311274500       19820105   5550                8.54                    
311274500       19830124   6360                8.87                    
311274500       19831225    991                6.27                    
311274500       19850209   50.0                4.08                    
311274500       19860219   6990                9.12                    
311274500       19870306    112                4.09                    
311274500       1988       0.00Bm                                      
311274500       1989       0.00Bm                                      
311274500       19900528   4.00                3.19                    
311274500       19910324   1260                6.02                    
311274500       19920215    888                5.91                    
311274500       19930113   4190                7.96                    
311274500       19940220   12.0                2.61                    
311274500       19950310  12000                9.51                    
311274500       19960219   3130                6.27                    
311274500       19970123   3320                6.88                    
311274500       19980203   9470                8.80                    
311274500       19990209    833                4.45                    
311274500       20000214   2550                5.92                    
311274500       20010305    958                4.64                    
311274500       20020103    425                3.92                    
311274500       20021216   2790                5.99                    
311274500       20040225   2990                6.11                    
311274500       20050216   1820                5.51                    
311274500       20060102   1630                5.37                    
311274500       2007       0.00Bm                                      
311274500       20080125   2110                5.71                    
311274500       20090217    310                3.77                    
311274500       20100120   4400                7.18                    
311274500       20110324   4440                7.01                    
311274500       2012       0.00Bm                                      
311274500       20121224   6250                7.75                    
311274500       2014       0.00Bm                                      
311274500       20141216    889                5.05                    
311274500       20160313   4340                7.03                    
311274500       20170221   8610                8.59                    
311274500       20180322    721                4.50                    
311274500       20190117   4580                7.07                    
