Z11274630                       USGS 
H11274630       3729121211229000606099SW1804000272.6                            
N11274630       DEL PUERTO C NR PATTERSON CA
Y11274630       
311274630       19590216   1800               14.683                   
311274630       19600209    164               11.183                   
311274630       19610126   26.0               10.003                   
311274630       19620215    685               12.873                   
311274630       19630201    490               12.403                   
311274630       19640121   42.0               10.273                   
311274630       19641227    104               10.803                   
311274630       19651229   24.0                1.96                    
311274630       19670122   1180                6.72                    
311274630       19680130   75.0                2.48                    
311274630       19690125    913                5.92                    
311274630       19700301    182                3.28                    
311274630       19701202    125                2.89                    
311274630       19720128   4.90                1.58                    
311274630       19730206    491                4.51                    
311274630       19740108   99.0                2.75                    
311274630       19750307    209                3.44                    
311274630       19760302   3.50                1.55                    
311274630       19761002   5.001                                       
311274630       19780209    750                5.40                    
311274630       19790222    158                3.16                    
311274630       19800219   1490                7.58                    
311274630       19810129   80.0                2.63                    
311274630       19820105   1290                7.04                    
311274630       19830301   1610                7.93                    
311274630       19831225    454                4.39                    
311274630       19850328   74.0                2.76                    
311274630       19860218   1520                7.67                    
311274630       19870213    117                2.91                    
311274630       19880117   80.0                2.63                    
311274630       19890303   1.80                1.72                    
311274630       19900527    371                4.11                    
311274630       19910324    710                5.26                    
311274630       19920212    614                5.07                    
311274630       19930113    913                5.93                    
311274630       19940220   39.0                2.13                    
311274630       19950310   3400               11.62                    
311274630       19960219    623                4.96                    
311274630       19970123   1860                8.53                    
311274630       19980203   5270               14.92                    
311274630       19990209    227                4.31                    
311274630       20000214    732                5.79                    
311274630       20010305    324                4.67                    
311274630       20020103   79.0                3.41                    
311274630       20021219    739                5.36                    
311274630       20040225    295                3.80                    
311274630       20041231    384                4.15                    
311274630       20060102    449                4.38                    
311274630       20070227   14.0                1.77                    
311274630       20080126    644                5.03                    
311274630       20090304   83.0                2.54                    
311274630       20100120    920                5.95                    
311274630       20110324    812                5.67                    
311274630       20120414   15.0                1.82                    
311274630       20121223   1050                6.39                    
311274630       20131120    373                4.09                    
311274630       20141212    189                3.21                    
311274630       20160119    489                4.56                    
311274630       20170220   1990                8.78                    
311274630       20180109   37.0                2.09                    
311274630       20190214    473                4.46                    
