Z11284400                       USGS 
H11284400       3750311201102000606109SW1804000916.4           2561.79          
N11284400       BIG C AB WHITES GULCH NR GROVELAND CA
Y11284400       
311284400       19650106   18507               6.40                    
311284400       19700116   1230                5.80                    
311284400       19701126    139                3.52                    
311284400       19711222    228                3.91                    
311284400       19730211    690                5.01                    
311284400       19740401    595                4.83                    
311284400       19750202    696                5.02                    
311284400       19760209   10.0                2.28                    
311284400       19770222   0.29                1.71                    
311284400       19780209   1260                5.84                    
311284400       19790111    743                5.16                    
311284400       19800113   1970                6.51                    
311284400       19810129    270                3.96                    
311284400       19820105   2180                6.69                    
311284400       19821130   1780                6.35                    
311284400       19831225   1660                6.24                    
311284400       19850208    634                4.87                    
311284400       19860217   2620                7.03                    
311284400       19870213    140                3.48                    
311284400       19880420   19.0                2.58                    
311284400       19890302    182                3.87                    
311284400       19900225   19.0                2.57                    
311284400       19910324    660                4.92                    
311284400       19920215    333                4.17                    
311284400       19930114   1620                6.20                    
311284400       19940208    124                3.40                    
311284400       19950310   1510                6.09                    
311284400       19960304    729                5.05                    
311284400       19970102   2500                6.94                    
311284400       19980203   1450                6.03                    
311284400       19990209    809                5.19                    
311284400       20000213   1540                6.16                    
311284400       20010305    459                4.74                    
311284400       20011229    185                3.93                    
311284400       20030413    437                4.69                    
311284400       20040101    275                4.26                    
311284400       20050108    960                5.55                    
311284400       20051231   1930                6.48                    
311284400       20070227    597                4.94                    
311284400       20080224    440                4.62                    
311284400       20090304    522                4.87                    
311284400       20100227    558                4.94                    
311284400       20110320   1630                6.24                    
311284400       20120121    257                4.20                    
311284400       20121223   1130                5.75                    
311284400       20140306   15.0                2.57                    
311284400       20150209   2.80                2.14                    
311284400       20160306    952                5.50                    
311284400       20170207   2810                7.07                    
311284400       20180322   2460                7.03                    
311284400       20190214   1090                5.62                    
