Z11299600                       USGS 
H11299600       3757401203651000606009SW1804001014.4                            
N11299600       BLACK C NR COPPEROPOLIS CA
Y11299600       
311299600       19831124   2770                6.34                    
311299600       19850208    965                4.64                    
311299600       19860219   5200                9.10                    
311299600       19870306    488                4.15                    
311299600       19880117   15.0                2.58                    
311299600       19890302    503                4.17                    
311299600       19900216   96.0                3.26                    
311299600       19910326    536                4.21                    
311299600       19920212   1640                5.23                    
311299600       19930117   1890                5.41                    
311299600       19940220    117                3.29                    
311299600       19950322   2680                6.23                    
311299600       19960125   1620                5.25                    
311299600       19970102   1940                5.50                    
311299600       19980203   2690                6.24                    
311299600       19990209   1930                5.49                    
311299600       20000213   1880                5.45                    
311299600       20010211    203                3.63                    
311299600       20020307    795                4.54                    
311299600       20021216    609                4.35                    
311299600       20040226    765                4.51                    
311299600       20050322   1420                5.16                    
311299600       20060102   2690                6.23                    
311299600       20070226    523                4.28                    
311299600       20080203    494                4.40                    
311299600       20090304   1230                5.15                    
311299600       20100122    521                4.40                    
311299600       20101229   1240                5.18                    
311299600       20120413    438                4.22                    
311299600       20121202   3400                6.28                    
311299600       20140306   13.0                2.53                    
311299600       20150208   1930                5.60                    
311299600       20151222   1620                5.41                    
311299600       20170220   4800                6.75                    
311299600       20180322    369                4.16                    
311299600       20190117   2880                6.07                    
