Z11383500                       USGS 
H11383500       4000511215650000606103SW18020157208            479.2            
N11383500       DEER C NR VINA CA
Y11383500       
311383500       19120126   1040                4.70                    
311383500       19130118   2480                6.70                    
311383500       19131231   6920               11.00                    
311383500       19150202   5480                9.50                    
311383500       19210117   3820                8.00                    
311383500       19220226   1620                5.40                    
311383500       19221227   2300                6.30                    
311383500       19240208   1900                5.80                    
311383500       19250204   2990                7.10                    
311383500       19260408   3700                7.90                    
311383500       19270203   3400                7.60                    
311383500       19280326  12200               15.006                   
311383500       19290203   2460                5.003                   
311383500       19291215   6380                8.603                   
311383500       19310123   1170                3.253                   
311383500       19311227   4400                6.893                   
311383500       19330312   1200                3.413                   
311383500       19331230   3640                6.243                   
311383500       19350104   3740                6.353                   
311383500       19360221   5550                8.003                   
311383500       19370214   3610                6.583                   
311383500       19371210  23800               19.203                   
311383500       19390308    939                4.2436                   
311383500       19400228  21600               13.80                    
311383500       19410210  12700               11.42                    
311383500       19420206  13700               11.72                    
311383500       19430121   6240                8.90                    
311383500       19440304   3220                6.85                    
311383500       19450205   4460                7.72                    
311383500       19451221   7280                9.55                    
311383500       19470212   4700                7.88                    
311383500       19480323   6860                9.29                    
311383500       19490311   4250                7.58                    
311383500       19500204   5690                8.54                    
311383500       19501116   4500                7.75                    
311383500       19520201   6780                9.24                    
311383500       19530108  10800               11.60                    
311383500       19540117   8370               10.21                    
311383500       19541115   1750                5.62                    
311383500       19551222  12600               12.78                    
311383500       19570224   7470               10.04                    
311383500       19580224   8730               10.67                    
311383500       19590216   7330                9.97                    
311383500       19600208   6180                9.31                    
311383500       19601201   4690                8.35                    
311383500       19620215   6370                9.43                    
311383500       19621012  10300               11.38                    
311383500       19640120   7880               10.30                    
311383500       19641222  18800               14.67                    
311383500       19660104   3960                7.58                    
311383500       19661202   6620                9.44                    
311383500       19680110   4310                7.86                    
311383500       19690121  15000               13.28                    
311383500       19700123  20100               15.14                    
311383500       19710326   4350                8.04                    
311383500       19711222   2150                5.84                    
311383500       19730116   7310                9.74                    
311383500       19740329  11900               12.01                    
311383500       19750209   4880                8.46                    
311383500       19760229   1640                5.61                    
311383500       19770102    395                3.36                    
311383500       19780116   8350               10.60                    
311383500       19790214   5240                8.92                    
311383500       19800113   9680               11.07                    
311383500       19801203   3910                8.29                    
311383500       19811116   9180               10.97                    
311383500       19830126  12200               12.14                    
311383500       19831225   7540               10.27                    
311383500       19850208   2020                6.55                    
311383500       19860217  16100               14.11                    
311383500       19870312   6720               10.08                    
311383500       19880104   1800                6.08                    
311383500       19890311  10100               11.76                    
311383500       19891023   3470                7.85                    
311383500       19910304   3940                8.23                    
311383500       19920214   4500                8.65                    
311383500       19930120   6410               10.04                    
311383500       19940207   1410                5.67                    
311383500       19950110  14200               13.43                    
311383500       19960221   6600               10.43                    
311383500       19970101  24000               15.56                    
311383500       19980203   9870               10.94                    
311383500       19990209   7120                9.57                    
311383500       20000214   5270                8.45                    
311383500       20010305   2540                6.42                    
311383500       20020102   3180                6.94                    
311383500       20030315   8190               10.13                    
311383500       20040217   8290               10.18                    
311383500       20050519   2940                6.75                    
311383500       20051231  10300               11.15                    
311383500       20070210   3130                6.89                    
311383500       20080104   5550                8.64                    
311383500       20090302   5990                8.93                    
311383500       20100119   5530                8.63                    
311383500       20110324   4380                7.68                    
311383500       20120328   3170                6.68                    
311383500       20121202  13900               12.48                    
311383500       20140310   2790                6.36                    
311383500       20141211   8460               10.26                    
311383500       20160306   9140               10.51                    
311383500       20170209  12000               12.14                    
311383500       20180322   5520                9.01                    
311383500       20190227  10500               11.55                    
