Z11381500                       USGS 
H11381500       4003171220123000606103SW18020156131            385.00           
N11381500       MILL C NR LOS MOLINOS CA
Y11381500       
311381500       19290203   1770                6.15                    
311381500       19291215   6000               10.05                    
311381500       19310123   1500                5.53                    
311381500       19311224   5440                9.62                    
311381500       19330316   1080                4.58                    
311381500       19331229   2630                7.16                    
311381500       19350104   4010                8.50                    
311381500       19360221   4380                8.83                    
311381500       19370214   3310                7.94                    
311381500       19371211  36400               23.40                    
311381500       19390308   1260                4.88                    
311381500       19400228  11400               12.35                    
311381500       19410210  12200               12.90                    
311381500       19420206  11000               12.70                    
311381500       19430308   6970                9.87                    
311381500       19440304   3220                6.92                    
311381500       19450205   3230                6.93                    
311381500       19451221   6180                9.30                    
311381500       19470212   4070                7.65                    
311381500       19480323   7320               10.12                    
311381500       19490311   3870                7.48                    
311381500       19500204   4430                7.95                    
311381500       19501116   3870                7.48                    
311381500       19511226   5280                8.61                    
311381500       19530109   7710               10.40                    
311381500       19540117   4910                8.32                    
311381500       19541111   2480                6.20                    
311381500       19551222   9180               12.25                    
311381500       19570224   6140               10.03                    
311381500       19580224   6880               10.60                    
311381500       19590216   4560                8.65                    
311381500       19600208   5000                9.06                    
311381500       19610131   4450                8.55                    
311381500       19620215   4500                8.60                    
311381500       19621012  14100               15.45                    
311381500       19640120   6500                9.82                    
311381500       19641222  16000               15.26                    
311381500       19660104   2760                6.62                    
311381500       19661202   6780                9.49                    
311381500       19680114   4000                7.94                    
311381500       19690121  12400               13.14                    
311381500       19700123  17100               15.63                    
311381500       19701204   5870                9.41                    
311381500       19720228   1490                5.32                    
311381500       19730116   5610                9.22                    
311381500       19731111  10300               12.06                    
311381500       19750213   5930                9.45                    
311381500       19760229   1810                5.75                    
311381500       19770929    436                3.03                    
311381500       19780304   6700                9.97                    
311381500       19790213   5160                8.91                    
311381500       19800113  10200               12.05                    
311381500       19810127   4550                8.45                    
311381500       19811116  11400               12.64                    
311381500       19830126   8610               11.20                    
311381500       19831225   5250                9.24                    
311381500       19850208   1910                6.23                    
311381500       19860217  11800               12.85                    
311381500       19870312   7110               10.38                    
311381500       19880104   1980                6.47                    
311381500       19890311   9270               11.56                    
311381500       19891023   2960                7.55                    
311381500       19910304   3370                7.93                    
311381500       19920214   4020                8.45                    
311381500       19930120   6350                9.97                    
311381500       19931208   1510                5.80                    
311381500       19950110  11000               12.86                    
311381500       19951212   5820               10.00                    
311381500       19970101  20600               17.10                    
311381500       19980203   7120               10.42                    
311381500       19990209   5120                8.85                    
311381500       20000214   3260                7.27                    
311381500       20010305   1500                4.98                    
311381500       20020101   2470                6.37                    
311381500       20021228   6350                9.88                    
311381500       20040217   6500                9.99                    
311381500       20050519   2400                6.28                    
311381500       20051231   91402              11.665                   
311381500       20070210   3110                7.12                    
311381500       20080104   3430                7.45                    
311381500       20090302   5610                9.33                    
311381500       20100119   4460                8.40                    
311381500       20110216   3430                7.45                    
311381500       20120317   2190                6.01                    
311381500       20121202  10800               12.59                    
311381500       20140310   4690                8.53                    
311381500       20141211   9520               11.83                    
311381500       20160306   8670               11.32                    
311381500       20161215  10800               12.55                    
311381500       20180407   5670                9.34                    
311381500       20190214   8500               11.23                    
