Z11451100                       USGS 
H11451100       3909561223708000606033SW1802011660.2           1840             
N11451100       NF CACHE C A HOUGH SPRING NR CLEARLAKE OAKS CA
Y11451100       
311451100       19720122    824                3.59                    
311451100       19730118   5490                7.92                    
311451100       19740116   7980                9.23                    
311451100       19750213   3050                6.08                    
311451100       19760229    706                3.27                    
311451100       19770102    231                2.48                    
311451100       19780116   5060                7.58                    
311451100       19790111   1040                3.40                    
311451100       19800113   5670                9.776                   
311451100       19810127   2210                6.72                    
311451100       19811219   4130                8.48                    
311451100       19830126   6220               10.10                    
311451100       19831225   3480                7.89                    
311451100       19850208   2590                7.04                    
311451100       19860217  10800               12.84                    
311451100       19870312   2240                7.32                    
311451100       19880104   1290                6.14                    
311451100       19890318   2340                7.39                    
311451100       19900527    832                5.42                    
311451100       19910304   3380                8.04                    
311451100       19920212   1900                6.97                    
311451100       19930120   7930               11.55                    
311451100       19940207    907                5.88                    
311451100       19950108   8940               12.37                    
311451100       19960221   3160                8.78                    
311451100       19970101  13200               14.14                    
311451100       19980203   7820               12.17                    
311451100       19990209   4170               10.26                    
311451100       20000214   3000                8.68                    
311451100       20010304   4100                9.57                    
311451100       20020102   3860                9.39                    
311451100       20021216   8920               12.60                    
311451100       20040217   6290               11.09                    
311451100       20041208   2210                7.82                    
311451100       20051231  10200               13.40                    
311451100       20070210   2240                7.86                    
311451100       20080104   4200                9.72                    
311451100       20090222   1720                7.38                    
311451100       20100119   3120                8.77                    
311451100       20110215   3390                9.02                    
311451100       20120327   2820                8.47                    
311451100       20121202   6620               11.46                    
311451100       20140329   1130                6.65                    
311451100       20141211   7450               10.92                    
311451100       20160306   3230                9.05                    
311451100       20170108   7980               11.79                    
311451100       20180322   1720                7.50                    
311451100       20190227  10100               12.46                    
