Z11473900                       USGS 
H11473900       3942231231927000606045SW18010104745            901.58           
N11473900       MF EEL R NR DOS RIOS CA
Y11473900       
311473900       19660104  70200               32.86                    
311473900       19670129  42600               22.06                    
311473900       19680114  40000               21.54                    
311473900       19690120  52300               22.21                    
311473900       19700123  90500               27.15                    
311473900       19710116  59900               23.61                    
311473900       19720123  33000               19.66                    
311473900       19730116  49200               20.80                    
311473900       19740116  89500               27.05                    
311473900       19750325  41700               20.84                    
311473900       19760226  23700               17.48                    
311473900       19770221   1470                9.37                    
311473900       19780109  35800               19.81                    
311473900       19790111  25100               17.79                    
311473900       19800113  61700               23.75                    
311473900       19810214  25100               17.83                    
311473900       19820216  67000               24.45                    
311473900       19830126  76800               25.64                    
311473900       19831110  23600               17.54                    
311473900       19850208  20200               16.67                    
311473900       19860217  93100               27.41                    
311473900       19870312  25000               17.85                    
311473900       19871210  27000                                        
311473900       19881123  33900               19.63                    
311473900       19900108  18800               16.27                    
311473900       19910304  22700               17.30                    
311473900       19920220  10800               13.30                    
311473900       19930120  33700               19.17                    
311473900       19940123   7220               12.00                    
311473900       19950109  65000               24.03                    
311473900       19951212  300002                                       
311473900       19970101 135000               31.46                    
311473900       19980112  40300               19.06                    
311473900       19990209  27500               16.52                    
311473900       20000214  34600               17.93                    
311473900       20010305  13000               13.04                    
311473900       20020102  24800               16.28                    
311473900       20021216  53700               20.50                    
311473900       20040217  59700               21.46                    
311473900       20050518  32600               16.81                    
311473900       20051230 107000               28.10                    
311473900       20061226  20600               14.57                    
311473900       20080104  42500               18.59                    
311473900       20090302  18300               14.07                    
311473900       20100125  17700               13.93                    
311473900       20101229  24700               15.38                    
311473900       20120121  21800               14.83                    
311473900       20121202  70300               24.36                    
311473900       20140329  19400               14.96                    
311473900       20141211  33000               18.09                    
311473900       20160118  27000               16.80                    
311473900       20170108  61600               19.82                    
311473900       20180407  26000               15.16                    
311473900       20190227  62900               19.07                    
