Z11480390                       USGS 
H11480390       4017041232003000606105SW1801010293.8                            
N11480390       MAD R AB RUTH RES NR FOREST GLEN CA
Y11480390       
311480390       19810128   2950                7.29                    
311480390       19811219  11300               12.49                    
311480390       19830126   7390               10.45                    
311480390       19831207   3340                7.50                    
311480390       19850208   3490                7.63                    
311480390       19860217  15000               11.39                    
311480390       19870312   5020                7.80                    
311480390       19871210   7270                8.83                    
311480390       19881122   8790                9.40                    
311480390       19900108   6680                8.58                    
311480390       19910304   3650                7.57                    
311480390       19920219   2370                6.44                    
311480390       19930120  11700               13.10                    
311480390       19940123   1030                5.23                    
311480390       19950109   9810               11.86                    
311480390       19951212   7470               10.32                    
311480390       19961230  11300               12.78                    
311480390       19980117   7680               10.46                    
311480390       19990207   5140                8.78                    
311480390       20000214   6340                9.56                    
311480390       20010305   2080                6.38                    
311480390       20020106   3910                7.89                    
311480390       20021216   8980               11.33                    
311480390       20040217   8500               10.89                    
311480390       20041208   4710                8.54                    
311480390       20051230  14800               14.12                    
311480390       20061226   2080                6.53                    
311480390       20080104   7280               10.17                    
311480390       20090505   3790                7.91                    
311480390       20100125   3510                7.72                    
311480390       20101229   7130               10.09                    
311480390       20120328   3510                8.16                    
311480390       20121202   9390               12.16                    
311480390       20140329   4010                9.35                    
311480390       20150207   4490                9.81                    
311480390       20160117   6890               11.85                    
311480390       20170110   7810               12.54                    
311480390       20180407   4350                9.68                    
311480390       20190227   8580               13.11                    
