Z11482500                       USGS 
H11482500       4117581240300000606023SW18010102277            5.16             
N11482500       REDWOOD C A ORICK CA
Y11482500       
311482500       19120217  19500               17.75                    
311482500       19121106  12500                                        
311482500       19480107  300002              20.90                    
311482500       19500118  360002              22.50                    
311482500       19510117  280002              19.50                    
311482500       19520201  240002              18.40                    
311482500       19530118  50000               23.95                    
311482500       19531124  27200               19.22                    
311482500       19541231  28100               19.54                    
311482500       19551222  50000               23.95                    
311482500       19570312  24100               18.48                    
311482500       19571113  22200               17.94                    
311482500       19590112  17500               16.52                    
311482500       19600208  24900               18.70                    
311482500       19601125  14700               15.55                    
311482500       19611219  21800               17.81                    
311482500       19621202  26100               19.02                    
311482500       19640120  37700               21.97                    
311482500       19641222  50500               24.00                    
311482500       19660104  39600               21.82                    
311482500       19661205  24500               15.81                    
311482500       19680115  14900               12.97                    
311482500       19690121  17200               13.62                    
311482500       19700127  28000               18.56                    
311482500       19701124  30500               18.70                    
311482500       19720303  49700               23.67                    
311482500       19721217  10000               11.67                    
311482500       19740401  24800               17.47                    
311482500       19750318  50200               23.82                    
311482500       19760228  12100               13.48                    
311482500       19770309   3310                9.12                    
311482500       19771214  21200               16.60                    
311482500       19790111  14100               14.62                    
311482500       19800314  19400               16.66                    
311482500       19801202   9030               13.16                    
311482500       19811220  26500               18.59                    
311482500       19821216  29500               19.32                    
311482500       19831214  17900               16.37                    
311482500       19850208  11400               14.40                    
311482500       19860217  30700               19.75                    
311482500       19870202   5870               11.93                    
311482500       19871210  15200               21.07                    
311482500       19881122  21400               22.19                    
311482500       19900108  18100               21.08                    
311482500       19910305   5280               15.81                    
311482500       19920417   50002                                       
311482500       19930122  11800               19.22                    
311482500       19931208   7890               17.54                    
311482500       19950109  18600               21.48                    
311482500       19951230  31800               25.38                    
311482500       19970101  40300               28.22                    
311482500       19980117  19900               23.04                    
311482500       19981121  31000               26.08                    
311482500       20000111  19900               23.02                    
311482500       20010222   2320               15.15                    
311482500       20011206  16500               21.95                    
311482500       20021228  23700               24.15                    
311482500       20031213  17300               22.21                    
311482500       20041208  15300               21.55                    
311482500       20051230  30100               25.84                    
311482500       20061213  11100               19.99                    
311482500       20080203  12400               20.39                    
311482500       20081229  17500               21.62                    
311482500       20100226   8830               17.55                    
311482500       20101229  15100               20.68                    
311482500       20120330  14500               20.37                    
311482500       20121202  20200               22.91                    
311482500       20140310   8960               18.05                    
311482500       20141221  13300               20.15                    
311482500       20160117  18800               22.38                    
311482500       20170110  15200               21.05                    
311482500       20171121   6090               16.53                    
311482500       20190225  17200               22.11                    
