Z11528700                       USGS 
H11528700       4039001232935000606105SW18010212764            1211.37          
N11528700       SF TRINITY R BL HYAMPOM CA
Y11528700       
311528700       19641222  880007              30.45                    
311528700       19660104  30800               18.43                    
311528700       19670129  32000               18.50                    
311528700       19680114  32000               18.50                    
311528700       19690121  42100               20.90                    
311528700       19700124  59100               24.62                    
311528700       19710326  41100               20.68                    
311528700       19720303  20800               15.43                    
311528700       19730116  25800               17.62                    
311528700       19740116  69300               26.68                    
311528700       19750318  30600               18.75                    
311528700       19760226  12700               12.94                    
311528700       19770222    620                5.07                    
311528700       19780117  26000               17.47                    
311528700       19790213   8120               10.92                    
311528700       19800113  28000               18.13                    
311528700       19810214  18100               15.03                    
311528700       19811219  55000               24.48                    
311528700       19830126  73300               28.00                    
311528700       19831209  14900               13.44                    
311528700       19841127  13500               12.86                    
311528700       19860217  75000               25.47                    
311528700       19870312  20800               13.20                    
311528700       19871210  18800               13.13                    
311528700       19890311  14600                                        
311528700       19900108  11600               10.65                    
311528700       19910304  14600               11.69                    
311528700       19920220   5530                8.03                    
311528700       19930120  47000               19.99                    
311528700       19940123   6160                8.42                    
311528700       19950109  48100               21.44                    
311528700       19951212  20300               14.09                    
311528700       19961231  61400               23.60                    
311528700       19980322  20200               14.07                    
311528700       19990207  13800               11.71                    
311528700       20000214  21600               14.636                   
311528700       20010305   4190                9.15                    
311528700       20020102  21800               17.76                    
311528700       20021216  32000               20.81                    
311528700       20040217  42400               23.41                    
311528700       20050518  11100               12.95                    
311528700       20051231  49300               24.83                    
311528700       20061226   7250               11.05                    
311528700       20080104  17300               15.72                    
311528700       20090302   9650               12.41                    
311528700       20100226  14500               14.49                    
311528700       20110316  16600               15.02                    
311528700       20120328  13100               13.33                    
311528700       20121202  23900               17.48                    
311528700       20140329   7430               11.08                    
311528700       20150207  25500               18.54                    
311528700       20160117  43800               22.91                    
311528700       20170209  40500               22.10                    
311528700       20180407  13500               13.81                    
311528700       20190227  51300R              24.67                    
