Z12010000                       USGS 
H12010000       4622271234432005353049SW1710010654.8           24               
N12010000       NASELLE RIVER NEAR NASELLE, WA
Y12010000       
312010000       19291223   2460                7.303                   
312010000       19310123   2860                7.803                   
312010000       19320226   5030               10.603                   
312010000       19321113   6090               11.503                   
312010000       19331209   7540               13.003                   
312010000       19350122  11100               15.903                   
312010000       19360227   6210               11.903                   
312010000       19370222   3560                8.703                   
312010000       19371125   5760               11.403                   
312010000       19390212   5230               10.803                   
312010000       19391216   5850               11.503                   
312010000       19410117   4360                9.743                   
312010000       19411218   4520                9.773                   
312010000       19421031   5800               11.243                   
312010000       19431203   7030               12.403                   
312010000       19450319   6500               11.903                   
312010000       19451228   5060               10.403                   
312010000       19461211   5800               11.253                   
312010000       19480101   4620                9.903                   
312010000       19490222  10300               15.203                   
312010000       19500224   5710               10.803                   
312010000       19510209   6830               12.103                   
312010000       19520204   5760               10.953                   
312010000       19530123   6890               12.243                   
312010000       19540219   5630               10.963                   
312010000       19541118   4640                9.863                   
312010000       19551211   5990               11.593                   
312010000       19561210   6990               12.343                   
312010000       19580115   3560                8.653                   
312010000       19590123   5310               10.603                   
312010000       19591122   5950               11.303                   
312010000       19610221   7090               12.443                   
312010000       19611122   2850                8.283                   
312010000       19621119  10500               17.77                    
312010000       19640125   5600               13.05                    
312010000       19641201   5370               12.80                    
312010000       19660106   3480               10.45                    
312010000       19661213   7500               15.00                    
312010000       19680119   5570               13.02                    
312010000       19681224   4570               11.46                    
312010000       19700216   5020               12.03                    
312010000       19701207   8410               15.91                    
312010000       19720111   7160               14.76                    
312010000       19721221   5310               12.76                    
312010000       19731216   3680               10.55                    
312010000       19741221   4460               11.66                    
312010000       19751201   7580               15.16                    
312010000       19770307   3740               10.63                    
312010000       19771202   8720               16.20                    
312010000       19790304   5000               12.38                    
312010000       19791218   7080               14.68                    
312010000       19810216   5720               13.24                    
312010000       19820123   7500               15.09                    
312010000       19821203   6500               14.10                    
312010000       19831115   5090               12.49                    
312010000       19841128   3610               10.44                    
312010000       19860223   6690               14.29                    
312010000       19861123   9720               17.10                    
312010000       19871209   5990               13.54                    
312010000       19881105   3990               10.92                    
312010000       19900109   9350               16.67                    
312010000       19901124  11300               18.45                    
312010000       19920128   5520               12.90                    
312010000       19930322   2560                9.24                    
312010000       19931210   7670               15.12                    
312010000       19941220  10400               17.62                    
312010000       19960208   7800               15.24                    
312010000       19970318  12600               19.26                    
312010000       19980114   6580               14.03                    
312010000       19981227   7010               14.47                    
312010000       19991215   9390               16.72                    
312010000       20010822   2510                9.20                    
312010000       20011114   6870               14.42                    
312010000       20030322   5550               13.00                    
312010000       20031021   4130               11.33                    
312010000       20050118   5490               12.93                    
312010000       20060110   6930               14.49                    
312010000       20061106   7130               14.69                    
312010000       20071203   7180               14.74                    
312010000       20090107  13500               20.62                    
312010000       20091120   6760               14.31                    
312010000       20110116   5660               13.12                    
312010000       20120315   6000               13.50                    
312010000       20121119   6950               14.51                    
312010000       20140217   4510               11.79                    
312010000       20150105   9470               16.98                    
312010000       20151117   7480               15.05                    
312010000       20161124   5660               13.15                    
312010000       20171022   6400               13.95                    
312010000       20181127   6170               13.70                    
