Z12025000                       USGS 
H12025000       4637131225638005353041SW17100103155            0                
N12025000       NEWAUKUM RIVER NEAR CHEHALIS, WA
Y12025000       
312025000       19290327   3090                8.70                    
312025000       19300324   3090                8.74                    
312025000       19310401   6750               12.90                    
312025000       19421123   4990               11.40                    
312025000       19431203   4500               10.68                    
312025000       19450208   6080               12.20                    
312025000       19460206   5900               12.00                    
312025000       19461211   6350               12.50                    
312025000       19480322   5630               11.70                    
312025000       19490217   6950               13.06                    
312025000       19500224   5720               12.20                    
312025000       19510209   5240               11.58                    
312025000       19520204   3980                9.88                    
312025000       19530123   4540               10.25                    
312025000       19531209   7880               13.62                    
312025000       19550208   4780               10.88                    
312025000       19551212   7200               13.00                    
312025000       19561210   4300               10.20                    
312025000       19571226   3590                8.56                    
312025000       19581112   6290               11.79                    
312025000       19591121   5950               11.42                    
312025000       19601120   6460               11.66                    
312025000       19611224   3820                8.50                    
312025000       19621120   6960               11.84                    
312025000       19640125   7970               12.97                    
312025000       19641223   6500               11.30                    
312025000       19660106   4520                8.79                    
312025000       19670120   5450                9.99                    
312025000       19680219   4810                9.14                    
312025000       19681204   4300                8.41                    
312025000       19700114   5300                9.80                    
312025000       19710126   8390               11.99                    
312025000       19720121   9770               12.12                    
312025000       19721221   6330                9.44                    
312025000       19740115   8440               11.17                    
312025000       19750114   7400               10.33                    
312025000       19751204   8020               10.85                    
312025000       19770309   2570                5.61                    
312025000       19771202  10300               12.49                    
312025000       19790207   7280               10.23                    
312025000       19800112   5020                8.29                    
312025000       19801226   5490                8.72                    
312025000       19821204   7820               10.68                    
312025000       19840125   6760                9.80                    
312025000       19841104   3630                7.00                    
312025000       19860223   7960               10.81                    
312025000       19861124  10700               12.76                    
312025000       19871210   5500                8.93                    
312025000       19881230   3570                7.14                    
312025000       19900109  10400               12.75                    
312025000       19901124  10300               12.73                    
312025000       19920128   3990                7.56                    
312025000       19930411   3730                7.31                    
312025000       19940105   3170                6.93                    
312025000       19941227   6040               10.62                    
312025000       19960208  13300               13.54                    
312025000       19961229   9700               12.38                    
312025000       19980114   6580               10.42                    
312025000       19981126  10000               12.50                    
312025000       19991216   8100               11.55                    
312025000       20010411   2030                6.18                    
312025000       20011217   7920               11.43                    
312025000       20030131   8940               12.06                    
312025000       20040130   7460               11.12                    
312025000       20050118   7740               11.31                    
312025000       20060130   8720               11.95                    
312025000       20061107  11200               13.00                    
312025000       20071203  12900               13.45                    
312025000       20090107  13000               13.49                    
312025000       20091119   2940                7.93                    
312025000       20110116   6500               11.08                    
312025000       20120222   6300               10.97                    
312025000       20121120   7560               11.64                    
312025000       20140217   6780               11.23                    
312025000       20150105  11500               13.14                    
312025000       20151118  10400               12.79                    
312025000       20170209   8030               12.23                    
312025000       20171022   6980               11.673                   
312025000       20190212   3270              200.04                    
