Z12020000                       USGS 
H12020000       4637031231635005353041SW17100103113            0                
N12020000       CHEHALIS RIVER NEAR DOTY, WA
Y12020000       
312020000       19391215  15100               15.76                    
312020000       19410117   9140               11.70                    
312020000       19411219   8780               11.50                    
312020000       19430206   6260                9.56                    
312020000       19431203   5670                9.07                    
312020000       19450207  21400               17.80                    
312020000       19451228   8170               10.95                    
312020000       19470202   9980               12.28                    
312020000       19480102   8720               11.35                    
312020000       19490222  12800               14.30                    
312020000       19491127  11400               13.24                    
312020000       19510209  15700               15.93                    
312020000       19520204   9320               11.80                    
312020000       19530108   7540               10.15                    
312020000       19540105   9100               11.38                    
312020000       19550208   6400                9.20                    
312020000       19551211  11000               12.70                    
312020000       19561209  12600               13.78                    
312020000       19571224   6540                9.32                    
312020000       19581112   7940               10.48                    
312020000       19591215   9180               11.44                    
312020000       19610221   8400               10.65                    
312020000       19611122   5940                8.94                    
312020000       19621125  12400               14.14                    
312020000       19640125   9450               11.91                    
312020000       19641222   8360               11.01                    
312020000       19660309   8950               11.50                    
312020000       19661213  13400               14.97                    
312020000       19680204  11200               13.25                    
312020000       19681203   6620                9.56                    
312020000       19700114   6410                9.38                    
312020000       19701207  11700               13.62                    
312020000       19720120  22800               18.36                    
312020000       19721221   9040               11.50                    
312020000       19740115   8230               10.88                    
312020000       19741221   7580               10.36                    
312020000       19751204  17400               16.10                    
312020000       19770308   5590                8.62                    
312020000       19771202   8130               10.80                    
312020000       19790206   7150               10.00                    
312020000       19800112   8430               11.03                    
312020000       19801226  12000               13.36                    
312020000       19820124   8600               11.16                    
312020000       19821203  15200               15.06                    
312020000       19831115   4790                7.82                    
312020000       19841102   4750                7.62                    
312020000       19860118  18100               16.44                    
312020000       19861124  17900               16.31                    
312020000       19871209  13800               14.25                    
312020000       19881230   6250                9.00                    
312020000       19900109  27500               19.96                    
312020000       19901124  20600               17.45                    
312020000       19920128   8770               11.05                    
312020000       19930125   3880                6.66                    
312020000       19931210   6720                9.34                    
312020000       19941220  15300               15.03                    
312020000       19960208  28900               20.37                    
312020000       19970319  12600               13.58                    
312020000       19971030   9920               11.89                    
312020000       19990224  16300               15.546                   
312020000       19991215  12400               13.4323                   
312020000       20001216   1830                4.743                   
312020000       20011216  16600               15.903                   
312020000       20030131   8150               10.553                   
312020000       20031021   8270               10.643                   
312020000       20041211   9270               11.353                   
312020000       20060130  16000               15.583                   
312020000       20061106  14500               14.693                   
312020000       20071203  63100               31.363                   
312020000       20090108  20100               16.383                   
312020000       20091117   9460               11.973                   
312020000       20101212   9910               12.253                   
312020000       20111123   9880               12.233                   
312020000       20121119  22300               18.413                   
312020000       20140217   9350               11.653                   
312020000       20150206   8770               11.263                   
312020000       20151117  14000               14.423                   
312020000       20170209  15100               14.363                   
312020000       20171022  10100               11.56                    
312020000       20181218   6390              314.01                    
