Z12025700                       USGS 
H12025700       4646221223534005353067SW1710010340             0                
N12025700       SKOOKUMCHUCK RIVER NEAR VAIL, WA
Y12025700       
312025700       19680204   2670                7.81                    
312025700       19681203   2060                7.31                    
312025700       19700114   2100                7.431                   
312025700       19710125   3790                8.41                    
312025700       19720120   6900               10.93                    
312025700       19721221   2680                8.12                    
312025700       19740115   4630                9.45                    
312025700       19750113   2420                7.77                    
312025700       19751204   3620                8.73                    
312025700       19770309   1260                6.55                    
312025700       19771202   4200                9.14                    
312025700       19790206   2580                7.90                    
312025700       19791215   2070                7.41                    
312025700       19801226   2110                7.45                    
312025700       19820124   3740                8.86                    
312025700       19830105   2900                8.28                    
312025700       19840125   1670                7.06                    
312025700       19841104   1220                6.49                    
312025700       19860118   2720                8.12                    
312025700       19870201   2830                8.20                    
312025700       19871209   2480                7.87                    
312025700       19881230   1150                6.33                    
312025700       19900109   5330               10.01                    
312025700       19901124   5820               10.30                    
312025700       19920128   1740                7.14                    
312025700       19930423    912                6.13                    
312025700       19940303    985                6.25                    
312025700       19941130   3070                8.49                    
312025700       19960208   8350               11.24                    
312025700       19961229   4180                9.11                    
312025700       19971030   2270                7.65                    
312025700       19981227   4490                9.09                    
312025700       19991215   3090                8.13                    
312025700       20010430    712                5.56                    
312025700       20011217   3850                8.30                    
312025700       20030131   3350                7.95                    
312025700       20040129   2430                7.21                    
312025700       20050118   3320                8.09                    
312025700       20060130   3260                8.17                    
312025700       20061107   4600                9.16                    
312025700       20071203   5310                9.61                    
312025700       20090107   9250               11.33                    
312025700       20091119   1270                6.44                    
312025700       20110310   2610                7.79                    
312025700       20120315   3130                8.19                    
312025700       20121119   3560                8.47                    
312025700       20140217   2350                7.54                    
312025700       20150105   1870                7.06                    
312025700       20151117   5050                9.41                    
312025700       20170209   3510                8.44                    
312025700       20171022   2850              723.2526                   
312025700       20181218   1450              726.10                    
