Z12035000                       USGS 
H12035000       4700031232937005353027SW17100104299            0                
N12035000       SATSOP RIVER NEAR SATSOP, WA
Y12035000       
312035000       19291223  11300               10.00                    
312035000       19310123  19200               13.20                    
312035000       19320226  30900               15.80                    
312035000       19330108  15300               11.50                    
312035000       19331221  24500               14.40                    
312035000       19350122  46600               38.90                    
312035000       19360104  16600               11.00                    
312035000       19370414  15200               10.50                    
312035000       19371228  30100               14.30                    
312035000       19390101  25600               33.916                   
312035000       19391215  18700               32.14                    
312035000       19410118  25200               33.81                    
312035000       19411219  13200               30.23                    
312035000       19430401  13100               29.96                    
312035000       19431203  19900               32.64                    
312035000       19450207  31500               35.30                    
312035000       19460411  17200               31.73                    
312035000       19470125  24000               34.00                    
312035000       19471019  17300               32.06                    
312035000       19490222  29500               34.90                    
312035000       19491228  27600               34.80                    
312035000       19510209  39600               36.91                    
312035000       19520130  15800               32.01                    
312035000       19530123  26700               34.79                    
312035000       19531212  24300               34.20                    
312035000       19541118  29300               35.37                    
312035000       19551103  30700               35.14                    
312035000       19561210  35000               35.99                    
312035000       19571226  14200               31.06                    
312035000       19590430  28600               34.73                    
312035000       19591120  28700               35.18                    
312035000       19610221  29300               35.32                    
312035000       19611223  12700               30.41                    
312035000       19621120  32800               35.56                    
312035000       19640125  14300               30.74                    
312035000       19641130  19500               32.40                    
312035000       19660113  26700               33.92                    
312035000       19661213  29200               34.54                    
312035000       19680119  43100               36.43                    
312035000       19681203  16200               30.64                    
312035000       19700409  18200               31.24                    
312035000       19701207  20200               31.83                    
312035000       19720120  31000               34.30                    
312035000       19721226  35900               35.23                    
312035000       19731216  22400               32.46                    
312035000       19741221  21000               32.10                    
312035000       19751226  34200               34.95                    
312035000       19770307  15100               30.41                    
312035000       19771202  25000               33.10                    
312035000       19790305  30700               34.24                    
312035000       19791218  37700               35.54                    
312035000       19810216  32600               34.62                    
312035000       19820214  31000               34.31                    
312035000       19821204  32800               34.66                    
312035000       19831115  32800               34.66                    
312035000       19841214  14200               30.13                    
312035000       19860118  30300               34.16                    
312035000       19861123  39300               35.93                    
312035000       19871210  20800               32.11                    
312035000       19890405  17600               31.19                    
312035000       19900210  27300               33.68                    
312035000       19901124  38200               35.75                    
312035000       19911120  23700               32.86                    
312035000       19930125  23500               32.81                    
312035000       19931210  33000               35.38                    
312035000       19941220  50600               37.28                    
312035000       19951129  30800               34.27                    
312035000       19970319  63600               38.87                    
312035000       19971030  27200               33.68                    
312035000       19981229  35400               35.08                    
312035000       19991215  54500               37.78                    
312035000       20010105   8190               29.83                    
312035000       20011217  30100               35.49                    
312035000       20030102  18600               33.12                    
312035000       20031021  35900               36.54                    
312035000       20050118  29200               35.32                    
312035000       20060130  26600               34.78                    
312035000       20061107  40100               37.26                    
312035000       20071203  36400               36.63                    
312035000       20090107  45500               38.12                    
312035000       20091120  27600               35.59                    
312035000       20101212  36700               36.84                    
312035000       20111229  17200               32.93                    
312035000       20121119  28900               35.33                    
312035000       20140309  21400               33.76                    
312035000       20150105  26100               34.69                    
312035000       20151209  30400               36.02                    
312035000       20161125  18400               33.35                    
312035000       20171122  43000               36.45                    
312035000       20181127  26600               38.43                    
