Z12041200                       USGS 
H12041200       4748251241459005353031SW17100101253            163.64           
N12041200       HOH RIVER AT US HIGHWAY 101 NEAR FORKS, WA
Y12041200       
312041200       19610115  46000               17.74                    
312041200       19620103  15900               10.36                    
312041200       19621120  45400               17.64                    
312041200       19631021  26500               13.42                    
312041200       19641130  24300               12.85                    
312041200       19660113  19900               11.61                    
312041200       19661213  30100               14.55                    
312041200       19680119  31700               14.96                    
312041200       19690104  22200               12.39                    
312041200       19700409  19800               11.72                    
312041200       19701207  20200               11.83                    
312041200       19720305  32400               15.11                    
312041200       19721226  35400               15.83                    
312041200       19740116  31200               14.83                    
312041200       19741221  27600               14.05                    
312041200       19751204  41200               17.01                    
312041200       19770118  11700                9.69                    
312041200       19771101  44800               17.73                    
312041200       19790304  16500               11.15                    
312041200       19791217  51600               19.08                    
312041200       19801226  51100               18.94                    
312041200       19820124  32100               14.92                    
312041200       19821203  47900               18.32                    
312041200       19831115  42000               17.13                    
312041200       19841103  20900               12.05                    
312041200       19860118  41700               17.09                    
312041200       19861123  48600               18.48                    
312041200       19880114  23400               12.76                    
312041200       19881016  49300               18.58                    
312041200       19891204  40600               16.77                    
312041200       19901124  54500               19.61                    
312041200       19920123  290002                                       
312041200       19930125  25700               13.24                    
312041200       19931210  31700               14.73                    
312041200       19941220  34600               15.42                    
312041200       19951129  47600               18.23                    
312041200       19970319  44500               17.59                    
312041200       19971030  28400               13.48                    
312041200       19981213  34800               15.07                    
312041200       19991215  41400               16.32                    
312041200       20010105  16100                9.93                    
312041200       20020107  45900               16.99                    
312041200       20030313  30900               14.12                    
312041200       20031017  62100               20.20                    
312041200       20041210  32700               13.87                    
312041200       20051225  23300               11.40                    
312041200       20061106  60700               20.35                    
312041200       20071203  55700               19.30                    
312041200       20090107  38200               15.32                    
312041200       20091120  30400               13.33                    
312041200       20101212  40300               15.82                    
312041200       20111123  22800               11.24                    
312041200       20130109  17000                9.47                    
312041200       20140306  20900               10.68                    
312041200       20141210  30500               13.36                    
312041200       20151117  42400               16.31                    
312041200       20161014  20700               10.62                    
312041200       20171121  31800               13.69                    
312041200       20181127  27100               12.44                    
