Z12040500                       USGS 
H12040500       4732171241852005353031SW17100102445            14.5             
N12040500       QUEETS RIVER NEAR CLEARWATER, WA
Y12040500       
312040500       19310123  47000               18.07                    
312040500       19320226  80700               22.30                    
312040500       19321112  48400               18.30                    
312040500       19331221  54800               19.20                    
312040500       19350122 130000               27.00                    
312040500       19360104  38500               16.81                    
312040500       19361222  44900               17.80                    
312040500       19371228  65200               20.50                    
312040500       19390101  63600               20.29                    
312040500       19391215  54800               19.19                    
312040500       19410117  58000               19.56                    
312040500       19411202  51200               18.70                    
312040500       19430402  38500               16.77                    
312040500       19431203  58000               19.65                    
312040500       19450207  78900               22.08                    
312040500       19451114  43500               17.60                    
312040500       19470125  61200               20.02                    
312040500       19471018  64400               20.42                    
312040500       19490217  62800               20.15                    
312040500       19491126  93000               23.57                    
312040500       19510210  86100               22.90                    
312040500       19520130  45700               17.92                    
312040500       19530131  64400               20.40                    
312040500       19540105  63400               20.28                    
312040500       19541118  93000               23.60                    
312040500       19551103 118000               25.99                    
312040500       19561209 108000               25.08                    
312040500       19571225  49400               18.44                    
312040500       19590429  74900               21.62                    
312040500       19600129  60500               19.92                    
312040500       19610115  90800               23.38                    
312040500       19620103  32900               15.87                    
312040500       19621119  85600               22.85                    
312040500       19631021  47400               18.76                    
312040500       19641130  55600               19.30                    
312040500       19660113  59600               19.80                    
312040500       19661213  59500               19.79                    
312040500       19741221  52800               18.93                    
312040500       19751204  77600               21.95                    
312040500       19770118  38000               16.72                    
312040500       19771202  71200               21.25                    
312040500       19790304  55000               19.22                    
312040500       19791217  98100               24.11                    
312040500       19801226  81800               22.42                    
312040500       19820124  79000               22.12                    
312040500       19821203  94400               23.74                    
312040500       19831115  74900               21.66                    
312040500       19841214  44700               17.78                    
312040500       19860118  74300               21.59                    
312040500       19861123 101000               24.40                    
312040500       19871209  52100               18.84                    
312040500       19890405  55200               19.24                    
312040500       19891204  79100               22.13                    
312040500       19901123 112000               25.44                    
312040500       19911119  74600               21.62                    
312040500       19930125  88200               23.10                    
312040500       19940301  61300               20.02                    
312040500       19950219  82700               22.56                    
312040500       19951129  89200               23.21                    
312040500       19970319 110000               25.19                    
312040500       19971030  63200               20.26                    
312040500       19981213  78900               22.17                    
312040500       19991215 133000               27.18                    
312040500       20010105  43400               17.75                    
312040500       20011216  88600               23.18                    
312040500       20030313  68100               21.88                    
312040500       20031017  83300               23.69                    
312040500       20050117  74700               22.69                    
312040500       20051225  41900               18.20                    
312040500       20061106 115000               26.96                    
312040500       20071203  86500               24.05                    
312040500       20090107  90000               24.44                    
312040500       20091120  67300               21.78                    
312040500       20101212  92300               24.69                    
312040500       20111123  47100               19.44                    
312040500       20130109  41800               18.63                    
312040500       20140111  51200               20.04                    
312040500       20150105  69800               22.44                    
312040500       20151113  81600               23.79                    
312040500       20170118  40200               18.39                    
312040500       20171122  58700               21.05                    
312040500       20190104  57600               20.91                    
