Z12048000                       USGS 
H12048000       4800521230753005353009SW17110020156            569.3            
N12048000       DUNGENESS RIVER NEAR SEQUIM, WA
Y12048000       
312048000       19240211   6340                7.00                    
312048000       19241119   3120                4.60                    
312048000       19251223    740                3.00                    
312048000       19261201   2860                4.30                    
312048000       19280112   1400                3.45                    
312048000       19290615   1000                2.90                    
312048000       19300220    920                3.20                    
312048000       19371228   5380                6.85                    
312048000       19390101   3850                6.17                    
312048000       19391215   4010                6.27                    
312048000       19410117   2400                5.47                    
312048000       19411202   4120                6.28                    
312048000       19430526   1010                4.39                    
312048000       19431203   1520                4.84                    
312048000       19450207   3380                5.96                    
312048000       19460614   1200                4.57                    
312048000       19470212   2530                5.48                    
312048000       19471019   2790                5.65                    
312048000       19481201   2820                5.73                    
312048000       19491127   6820                7.30                    
312048000       19510209   4600                6.53                    
312048000       19520430   1860                5.35                    
312048000       19530112   2480                5.65                    
312048000       19540105   3990                6.36                    
312048000       19541118   3570                6.18                    
312048000       19551103   6750                7.28                    
312048000       19561209   3880                6.36                    
312048000       19580224   2330                5.56                    
312048000       19590429   2900                5.99                    
312048000       19600129   4800                7.10                    
312048000       19610115   5900                7.65                    
312048000       19620103   1380                4.74                    
312048000       19630204   3670                6.74                    
312048000       19631022   2630                5.97                    
312048000       19641130   1850                5.20                    
312048000       19660506   1370                4.82                    
312048000       19661213   2960                6.28                    
312048000       19680114   3920                6.94                    
312048000       19690524   1660                5.23                    
312048000       19691213   1850                5.39                    
312048000       19710623   1480                5.06                    
312048000       19720305   3500                6.66                    
312048000       19721226   3630                6.75                    
312048000       19740116   4320                7.19                    
312048000       19741221   2170                5.69                    
312048000       19751203   5150                7.65                    
312048000       19770607    973                4.58                    
312048000       19771101   2440                5.92                    
312048000       19781104   1460                5.08                    
312048000       19791217   5350                7.76                    
312048000       19801226   4040                7.01                    
312048000       19811205   3240                6.41                    
312048000       19821203   3710                6.71                    
312048000       19831115   5510                7.71                    
312048000       19841103   1610                5.14                    
312048000       19860118   6560                8.21                    
312048000       19861123   3220                6.40                    
312048000       19871209   3300                6.45                    
312048000       19881105   1300                4.83                    
312048000       19891204   3650                6.67                    
312048000       19901124   7120                8.35                    
312048000       19920131   5090                7.45                    
312048000       19930125   1610                5.15                    
312048000       19931210   3240                6.92                    
312048000       19941220   4850                7.33                    
312048000       19951213   4500                7.15                    
312048000       19970319   5990                7.87                    
312048000       19971030   2970                6.24                    
312048000       19981213   4640                7.07                    
312048000       19991111   3490                6.41                    
312048000       20010524    938                4.30                    
312048000       20020107   7610                8.37                    
312048000       20030313   3330                6.32                    
312048000       20031020   5920                7.68                    
312048000       20041210   3620                6.50                    
312048000       20051225   3090                6.26                    
312048000       20061106   2530                5.86                    
312048000       20071204   3690                6.65                    
312048000       20090108   2350                5.72                    
312048000       20100112   3900                6.78                    
312048000       20101212   5820                7.81                    
312048000       20111123   2220                5.62                    
312048000       20121130   1840                5.29                    
312048000       20140306   2370                5.74                    
312048000       20141210   5610                7.71                    
312048000       20151117   5160                7.48                    
312048000       20170216   3500                6.53                    
312048000       20171123   3780                6.71                    
312048000       20181127   2600                5.91                    
