Z12056500                       USGS 
H12056500       4730521231943005353045SW1711001757.2           762.26           
N12056500       NF SKOKOMISH R BL STAIRCASE RPDS NR HOODSPORT, WA
Y12056500       
312056500       19250202   4400                6.88                    
312056500       19251211   4250                6.80                    
312056500       19261201   5350                7.50                    
312056500       19280103   4100                6.70                    
312056500       19281109   2540                5.49                    
312056500       19291214   4050                6.62                    
312056500       19310122   8830                8.67                    
312056500       19311219   5950                7.38                    
312056500       19321112   4940                6.90                    
312056500       19331221  10900                9.80                    
312056500       19341105  27000               14.40                    
312056500       19360617   2410                5.32                    
312056500       19361222   5150                7.00                    
312056500       19371028  10200                9.30                    
312056500       19390101   8580                8.60                    
312056500       19391215   9000                                        
312056500       19410117   6830                7.77                    
312056500       19411202   9700                9.18                    
312056500       19430402   4400                7.02                    
312056500       19431203   5540                7.66                    
312056500       19450207  12900               10.10                    
312056500       19451114   3140                6.20                    
312056500       19470213   6500                8.02                    
312056500       19471018  10100                9.30                    
312056500       19490222   2530                5.69                    
312056500       19491126  24200               12.20                    
312056500       19510210   7030                7.69                    
312056500       19511130   3810                6.14                    
312056500       19530109   6730                7.58                    
312056500       19540309   4510                6.53                    
312056500       19541118   9400                8.71                    
312056500       19551103  13600               10.00                    
312056500       19561209   9430                8.75                    
312056500       19580224   6690                7.68                    
312056500       19581201   7210                7.90                    
312056500       19600129   8850                8.54                    
312056500       19610115  10500                9.12                    
312056500       19620103   3500                5.99                    
312056500       19621125   9010                8.55                    
312056500       19631021   7210                7.88                    
312056500       19641129   4070                6.29                    
312056500       19651206   3490                5.98                    
312056500       19661213   7580                8.03                    
312056500       19680114   8120                8.25                    
312056500       19681203   3640                6.00                    
312056500       19691213   5170                6.90                    
312056500       19701207   4010                6.23                    
312056500       19720227   4530                6.54                    
312056500       19721218   5420                7.03                    
312056500       19740115   9200                8.66                    
312056500       19741221   7800                8.12                    
312056500       19751203   9590                8.80                    
312056500       19761226   2760                5.39                    
312056500       19771101   9760                8.86                    
312056500       19781103   4010                6.23                    
312056500       19791203   8740                8.49                    
312056500       19801226   9510                8.77                    
312056500       19811219   6140                7.39                    
312056500       19821203  10600                9.16                    
312056500       19831115   8850                8.33                    
312056500       19841102   3520                5.76                    
312056500       19860118  15200               11.10                    
312056500       19870304   7340                7.71                    
312056500       19871209   7070                7.59                    
312056500       19881230   2560                5.11                    
312056500       19891204  10400                8.95                    
312056500       19901123   9980                8.80                    
312056500       19920131   8670                8.28                    
312056500       19930322   3030                5.44                    
312056500       19931210   9440                8.59                    
312056500       19941220  14800               10.49                    
312056500       19951108   8360                8.15                    
312056500       19970318  11300                9.30                    
312056500       19971030   7910                7.96                    
312056500       19981213  10600                9.04                    
312056500       19991111  10200                8.88                    
312056500       20001020   3340                5.64                    
312056500       20020107  12900                9.86                    
312056500       20030313   7090                7.60                    
312056500       20031020  12600                9.75                    
312056500       20041210   6570                7.36                    
312056500       20051225   6130                7.15                    
312056500       20061115  10900                9.13                    
312056500       20071203  20100               12.05                    
312056500       20081108   5500                7.05                    
312056500       20091116   8000                8.19                    
312056500       20101212   8590                8.43                    
312056500       20111123   7790                8.10                    
312056500       20121130   5960                6.61                    
312056500       20140306   6870                7.00                    
312056500       20141210   8500                7.66                    
312056500       20160128   9150                8.06                    
312056500       20170216   8610                7.83                    
312056500       20171122  11000                8.81                    
312056500       20181127   7700                7.44                    
