Z12054000                       USGS 
H12054000       4741031230037005353031SW1711001866.5           241.49           
N12054000       DUCKABUSH RIVER NEAR BRINNON, WA
Y12054000       
312054000       19390101   4960                7.31                    
312054000       19391215   6080                8.07                    
312054000       19401023   4750                7.22                    
312054000       19411202   6080                8.07                    
312054000       19430402   2700                5.50                    
312054000       19431203   3790                6.42                    
312054000       19450207   5500                                        
312054000       19451203   2530                5.47                    
312054000       19470212   5370                7.54                    
312054000       19471018   5970                7.90                    
312054000       19490319   2410                5.37                    
312054000       19491126   8960               10.06                    
312054000       19510209   4190                7.21                    
312054000       19520430   2940                6.17                    
312054000       19530109   3240                6.53                    
312054000       19531113   3560                6.80                    
312054000       19541119   5260                8.02                    
312054000       19551103   5800                8.39                    
312054000       19561209   4290                7.30                    
312054000       19580224   4910                7.77                    
312054000       19590108   4750                7.47                    
312054000       19600129   6500                8.72                    
312054000       19610115   5280                7.79                    
312054000       19620103   2550                5.48                    
312054000       19621119   5980                8.33                    
312054000       19631021   4980                7.56                    
312054000       19641130   2720                5.86                    
312054000       19651207   2570                5.74                    
312054000       19661201   6920                8.95                    
312054000       19680114   6750                8.83                    
312054000       19681224   2920                5.99                    
312054000       19691213   3830                6.72                    
312054000       19701207   2800                5.92                    
312054000       19720305   3020                6.10                    
312054000       19721218   3330                6.34                    
312054000       19740115   5650                7.96                    
312054000       19741221   6090                8.30                    
312054000       19751115   5780                8.06                    
312054000       19761226   1360                4.31                    
312054000       19780909   5750                8.04                    
312054000       19790304   2160                5.12                    
312054000       19791025   7820                9.55                    
312054000       19801226   5670                7.98                    
312054000       19811219   4830                7.29                    
312054000       19821022   7450                9.26                    
312054000       19831115   6880                8.86                    
312054000       19841103   2390                5.29                    
312054000       19860118   6070                8.24                    
312054000       19870304   4110                6.73                    
312054000       19871206   4480                7.27                    
312054000       19881105   1910                4.82                    
312054000       19891204   3970                6.86                    
312054000       19901123   5500                8.04                    
312054000       19920131   4780                7.51                    
312054000       19930322   1990                4.91                    
312054000       19931210   6190                8.52                    
312054000       19941220   5760                8.22                    
312054000       19951212   9240                8.62                    
312054000       19970319   7110                7.77                    
312054000       19971030   4990                6.74                    
312054000       19981213   8190                8.22                    
312054000       19991111   7920                8.11                    
312054000       20001029   1910                4.52                    
312054000       20020107  10800                8.85                    
312054000       20030313   6950                7.35                    
312054000       20031020   9890                8.53                    
312054000       20041210   4900                6.33                    
312054000       20051225   5950                6.88                    
312054000       20061106   5260                6.53                    
312054000       20071203  10200                8.64                    
312054000       20081108   4180                5.91                    
312054000       20100112   6750                7.26                    
312054000       20101212   6400                7.10                    
312054000       20111123   4580                6.15                    
312054000       20121130   4330                6.00                    
312054000       20140306   4030                5.82                    
312054000       20141210   7380                7.54                    
312054000       20151117   5990                6.90                    
312054000       20161015   6470                7.13                    
312054000       20171123   6450                7.12                    
312054000       20181127   4680                6.21                    
