Z12073500                       USGS 
H12073500       4723221224152005353053SW171100196.47           113              
N12073500       HUGE CREEK NEAR WAUNA, WA
Y12073500       
312073500       19480322   59.0                2.143                   
312073500       19490222    115                2.653                   
312073500       19500121    286                                        
312073500       19510209    391                3.643                   
312073500       19520204   68.0                2.00                    
312073500       19530131    128                2.00                    
312073500       19540221    138                2.08                    
312073500       19550208   87.0                1.63                    
312073500       19551221    154                2.19                    
312073500       19561210    106                1.83                    
312073500       19580116   85.0                1.67                    
312073500       19590430    205                2.52                    
312073500       19591215    212                2.34                    
312073500       19610115    323                2.88                    
312073500       19620923   42.0                1.51                    
312073500       19621126   88.0                1.92                    
312073500       19640125   81.0                1.84                    
312073500       19641201   86.0                1.91                    
312073500       19660113    373                3.12                    
312073500       19661213    189                2.99                    
312073500       19680120    138                2.65                    
312073500       19681224   62.0                1.79                    
312073500       19771211    103                1.83                    
312073500       19790304   69.0                2.59                    
312073500       19791218    249                3.90                    
312073500       19801226    224                3.76                    
312073500       19820217    114                2.98                    
312073500       19821204    155                3.30                    
312073500       19831115   53.0                2.30                    
312073500       19841128   50.0                2.25                    
312073500       19860118    409                4.62                    
312073500       19870304    207                3.64                    
312073500       19880306   37.01                                       
312073500       19890312   47.0                2.21                    
312073500       19900107    194                3.56                    
312073500       19901124    547                5.13                    
312073500       19920128    153                3.29                    
312073500       19930125   40.0                2.09                    
312073500       19940303    115                2.99                    
312073500       19950219    240                4.12                    
312073500       19960208    231                4.06                    
312073500       19970319    526                5.76                    
312073500       19980124    103                2.92                    
312073500       19990224    280                4.40                    
312073500       19991215    207                3.88                    
312073500       20010822   28.0                1.83                    
312073500       20011216    285                4.43                    
312073500       20030322    102                2.91                    
312073500       20031119    148                3.38                    
312073500       20050118   83.0                2.69                    
312073500       20060130    238                4.24                    
312073500       20061214    178                3.79                    
312073500       20071203    470                5.25                    
312073500       20090108    226                3.96                    
312073500       20100115   99.0                2.93                    
312073500       20101212    673                6.05                    
312073500       20111123   60.0                2.46                    
312073500       20121119    194                3.74                    
312073500       20140306    128                3.21                    
312073500       20141128    162                3.50                    
312073500       20151209    238                4.04                    
312073500       20170209    157                3.46                    
312073500       20180129   94.6                2.88                    
312073500       20181218   53.5                2.33                    
