Z12082500                       USGS 
H12082500       4645101220457005353053SW17110015133            1450             
N12082500       NISQUALLY RIVER NEAR NATIONAL, WA
Y12082500       
312082500       19421123   7500                9.96                    
312082500       19431203   4830                8.74                    
312082500       19450107   5280                9.00                    
312082500       19451228   5000                8.76                    
312082500       19461211   8100               10.34                    
312082500       19471108   5560                8.46                    
312082500       19490513   3010                6.78                    
312082500       19491127   7310                9.60                    
312082500       19510211   6050                8.75                    
312082500       19520204   2700                6.43                    
312082500       19530131   4760                7.88                    
312082500       19531209   6640                8.95                    
312082500       19550610   3740                7.24                    
312082500       19551212   7470                9.70                    
312082500       19570226   3680                7.19                    
312082500       19580420   2790                6.53                    
312082500       19581112   5450                8.38                    
312082500       19591123  10900               11.77                    
312082500       19610221   4350                7.60                    
312082500       19620107   4350                8.30                    
312082500       19621120  10400               11.24                    
312082500       19640125   3560                6.90                    
312082500       19650129  11000               11.15                    
312082500       19660506   3080                6.19                    
312082500       19661213   5870                8.18                    
312082500       19671225   8070                9.36                    
312082500       19690104   6620                8.77                    
312082500       19700123   4350                7.77                    
312082500       19710119   4460                7.85                    
312082500       19720120   7460                9.13                    
312082500       19721221   7700                8.92                    
312082500       19740115  15000               11.25                    
312082500       19750118   7660                8.33                    
312082500       19751204  13200               10.66                    
312082500       19770904   1910                4.66                    
312082500       19771202  17100               11.96                    
312082500       19790307   2790                6.65                    
312082500       19791217   7050                8.94                    
312082500       19801226  11600               10.59                    
312082500       19820220   8280                9.43                    
312082500       19821203   8000                9.32                    
312082500       19840125   8020                9.33                    
312082500       19850607   5380                8.22                    
312082500       19860223   8180                9.79                    
312082500       19861124   9830               10.32                    
312082500       19871209   9200                9.91                    
312082500       19881016   4130                7.71                    
312082500       19900109  14500               11.40                    
312082500       19901124  11000               10.23                    
312082500       19920128   3410                6.47                    
312082500       19930323   3440                6.37                    
312082500       19940303   2090                5.15                    
312082500       19950131   7340                8.36                    
312082500       19960208  21200               12.18                    
312082500       19970319   9820                8.74                    
312082500       19971030   8330                7.93                    
312082500       19981229   6350                7.12                    
312082500       19991125   8750                8.31                    
312082500       20001001   2670                4.96                    
312082500       20020108   8630                8.26                    
312082500       20030131  10800                9.11                    
312082500       20040129   4680                6.72                    
312082500       20050118   8140                8.49                    
312082500       20060110   7030                8.11                    
312082500       20061106  21800               13.14                    
312082500       20071203   8470               11.37                    
312082500       20081112  13900               12.82                    
312082500       20091030   3470                8.30                    
312082500       20110116   9020               11.21                    
312082500       20120222   5260                9.51                    
312082500       20121029   3790                8.61                    
312082500       20140309   6090                9.67                    
312082500       20141125  11500               11.60                    
312082500       20151209  16700               12.55                    
312082500       20170315   4300                8.05                    
312082500       20171022  10500               10.27                    
312082500       20181104   2110                6.26                    
