Z12095000                       USGS 
H12095000       4708231220529005353053SW1711001479.5           400.0            
N12095000       SOUTH PRAIRIE CREEK AT SOUTH PRAIRIE, WA
Y12095000       
312095000       19500304   2930                6.64                    
312095000       19510211   3550                7.23                    
312095000       19520404   1460                4.92                    
312095000       19530131   2660                6.33                    
312095000       19531209   5470                8.84                    
312095000       19550208   3440                7.35                    
312095000       19551211   6850                9.78                    
312095000       19561209   2750                6.74                    
312095000       19580117   1710                5.38                    
312095000       19581112   3160                6.89                    
312095000       19591120   3900                7.56                    
312095000       19601124   3340                7.05                    
312095000       19611224   1760                5.44                    
312095000       19630203   3850                7.47                    
312095000       19640125   3380                7.09                    
312095000       19650129   6400                9.48                    
312095000       19660106    985                4.09                    
312095000       19670128   1390                4.71                    
312095000       19671225   2840                6.14                    
312095000       19690107   3060                6.58                    
312095000       19700120   1890                5.74                    
312095000       19710119   2710                6.50                    
312095000       19720305   3410                7.10                    
312095000       19721221   2350                6.20                    
312095000       19740116   4310                7.74                    
312095000       19750118   5020                8.28                    
312095000       19751202   4380                7.82                    
312095000       19770118    710                4.28                    
312095000       19771202   3700                7.33                    
312095000       19790206   2770                6.55                    
312095000       19871209   2190               30.48                    
312095000       19881016   2440               30.67                    
312095000       19900109   5930               33.55                    
312095000       19910219   5390               33.16                    
312095000       19911125   1700               30.06                    
312095000       19930125   2630               30.92                    
312095000       19940303   1500               29.82                    
312095000       19950219   2680               31.05                    
312095000       19960208   8170               35.14                    
312095000       19961230   3490               31.70                    
312095000       19971030   2960               32.01                    
312095000       19981228   3680               31.85                    
312095000       19991125   4650               32.61                    
312095000       20010611   1350               29.76                    
312095000       20020414   2100               30.48                    
312095000       20030131   3390               31.61                    
312095000       20040129   2070               30.47                    
312095000       20050118   3510               31.71                    
312095000       20060111   2990               31.28                    
312095000       20061107   6540               34.01                    
312095000       20071203   1370               29.59                    
312095000       20090107   9480               36.02                    
312095000       20100528   1670               29.66                    
312095000       20110116   2570               30.52                    
312095000       20120222   2140               30.15                    
312095000       20130930   1730               27.88                    
312095000       20140309   2500               29.07                    
312095000       20141125   3830               30.75                    
312095000       20151031   5060               32.09                    
312095000       20170209   2630               29.29                    
312095000       20171022   3960               30.63                    
312095000       20181229   1600               28.04                    
