Z12092000                       USGS 
H12092000       4654141220202005353053SW1711001492.8           1632.7           
N12092000       PUYALLUP RIVER NEAR ELECTRON, WA
Y12092000       
312092000       19111119   4300                                        
312092000       19121229   2390                                        
312092000       19140104   2610                4.053                   
312092000       19141102   2070                3.253                   
312092000       19151221   3440                                        
312092000       19170716   2080                                        
312092000       19171218   7700                                        
312092000       19190123   6540                                        
312092000       19191224   2720                                        
312092000       19201230   3750                                        
312092000       19211212   6980                                        
312092000       19230106   5810                                        
312092000       19240131   3350                5.383                   
312092000       19241211   2830                5.183                   
312092000       19251223   2740                4.983                   
312092000       19450107   5060                7.943                   
312092000       19451228   3830                7.153                   
312092000       19461211   9160                8.753                   
312092000       19471107   6580                8.10                    
312092000       19481123   3320                7.02                    
312092000       19571206   1870                5.87                    
312092000       19581112   4840                8.00                    
312092000       19591122  10800               11.90                    
312092000       19610221   3740                5.02                    
312092000       19620406   3940                5.10                    
312092000       19621120  10600                6.712                   
312092000       19640125   2520                4.75                    
312092000       19650129   6970                5.88                    
312092000       19660506   1780                3.44                    
312092000       19661213   3060                4.32                    
312092000       19671225   6900                                        
312092000       19690105   4020                5.51                    
312092000       19700122   2680                4.54                    
312092000       19710119   3580                4.97                    
312092000       19720120   4050                5.16                    
312092000       19721221   4180                5.21                    
312092000       19740115   6010                5.87                    
312092000       19750118   6180                5.63                    
312092000       19751204   6180                5.63                    
312092000       19770118   1550                3.04                    
312092000       19771202   9460                7.47                    
312092000       19790306   2200                4.88                    
312092000       19791217   3600                5.65                    
312092000       19801226   6030                6.56                    
312092000       19820123   4020                6.17                    
312092000       19821203   5590                6.57                    
312092000       19840125   6930                7.12                    
312092000       19850607   4060                6.19                    
312092000       19860223   5530                6.71                    
312092000       19861124   9010                7.642                   
312092000       19871209   4240                6.262                   
312092000       19881016   4100                6.822                   
312092000       19900109   9900                                        
312092000       19901124   7640                7.962                   
312092000       19911105   3410                6.50                    
312092000       19930323   2560                6.02                    
312092000       19931210   1380                4.92                    
312092000       19941031   3570                6.61                    
312092000       19960208  16000               10.94                    
312092000       19961231   4900                7.12                    
312092000       19971030   3820                6.48                    
312092000       19981229   4110                6.66                    
312092000       19991125   5140                7.24                    
312092000       20001001   3560                6.38                    
312092000       20020107   4460                6.89                    
312092000       20030131   4940                7.14                    
312092000       20040129   3550                5.942                   
312092000       20050118   6810                7.76                    
312092000       20060130   2870                5.93                    
312092000       20061107  150002              11.302                   
312092000       20071203   5120                8.38                    
312092000       20081112   9350               10.12                    
312092000       20091030   3650                7.71                    
312092000       20110116   6530                8.42                    
312092000       20120222   1470                6.17                    
312092000       20121119   4160                7.67                    
312092000       20131201   5660                8.29                    
312092000       20141125  10500                9.36                    
312092000       20151209  10700                9.42                    
312092000       20170209   3680                6.93                    
312092000       20171022   7540                8.38                    
312092000       20181104   2490                6.94                    
