Z12115000                       USGS 
H12115000       4722131213726005353033SW1711001240.7           1560             
N12115000       CEDAR RIVER NEAR CEDAR FALLS, WA
Y12115000       
312115000       19451228   2600                7.18                    
312115000       19461211   4930                9.342                   
312115000       19471107   2150                6.73                    
312115000       19490513   1470                5.93                    
312115000       19491127   2990                7.63                    
312115000       19510209   3620                9.752                   
312115000       19520204   1250                5.58                    
312115000       19530131   3860                9.292                   
312115000       19531209   4710                9.13                    
312115000       19550208   3620                8.20                    
312115000       19551211   5590                9.80                    
312115000       19561210   6090               10.16                    
312115000       19580420   1810                6.58                    
312115000       19581112   5040                9.65                    
312115000       19591122   9490               11.34                    
312115000       19610221   2650                7.70                    
312115000       19620406   2140                7.10                    
312115000       19621120   4430                9.25                    
312115000       19640101   1350                5.94                    
312115000       19650129   3210                8.20                    
312115000       19660506   1320                5.90                    
312115000       19661213   1450                6.09                    
312115000       19680120   3280                8.27                    
312115000       19681203   2090                6.94                    
312115000       19700122   1270                5.84                    
312115000       19710119   1690                6.44                    
312115000       19711104   2650                7.60                    
312115000       19721226   2420                7.35                    
312115000       19740115   3120                8.11                    
312115000       19750118   3290                8.28                    
312115000       19751202   36001                                       
312115000       19770118   1250                5.76                    
312115000       19771202   35001                                       
312115000       19790307   1190                5.88                    
312115000       19791215   3420                8.55                    
312115000       19801226   2490                7.68                    
312115000       19820124   3450                8.58                    
312115000       19830108   2450                7.63                    
312115000       19840124   3300                8.42                    
312115000       19850607   1220                6.00                    
312115000       19860224   2620                7.79                    
312115000       19861123   5290                9.16                    
312115000       19871209   2570                7.16                    
312115000       19881016   2840                7.40                    
312115000       19900109   4250                8.49                    
312115000       19901125   7540               10.38                    
312115000       19911205   2020                6.98                    
312115000       19930125   1310                6.13                    
312115000       19940104    671                4.99                    
312115000       19950219   3220                7.75                    
312115000       19951129                       9.08                    
312115000       19970319   2570                7.27                    
312115000       19971030   1730                6.50                    
312115000       19981229   4270                8.40                    
312115000       19991215   4150                8.14                    
312115000       20010430    722                4.98                    
312115000       20020414   2480                6.97                    
312115000       20030131   3820                7.87                    
312115000       20031118   3500                7.68                    
312115000       20050118   3520                7.69                    
312115000       20060110   2090                6.65                    
312115000       20061106   7290                9.47                    
312115000       20080521                                               
312115000       20090107   6640                9.22                    
312115000       20091031   1300                5.832                   
312115000       20110117                       8.94                    
312115000       20120222   3300                7.55                    
312115000       20130405   1500                5.71                    
312115000       20140309   2880                6.98                    
312115000       20141126   4900                8.06                    
312115000       20151117                      10.321                   
312115000       20170504   1770                6.08                    
312115000       20171022   4790                8.01                    
312115000       20181104   2030                6.45                    
