Z12114500                       USGS 
H12114500       4720321213252005353033SW1711001225.4           1880             
N12114500       CEDAR RIVER BELOW BEAR CREEK NEAR CEDAR FALLS, WA
Y12114500       
312114500       19451228   1110                5.40                    
312114500       19461211   1940                6.32                    
312114500       19471107   1250                5.65                    
312114500       19490513   1090                5.50                    
312114500       19491127   1510                6.00                    
312114500       19510209   1800                6.30                    
312114500       19520513    764                5.04                    
312114500       19530131   1900                6.38                    
312114500       19531209   1770                6.26                    
312114500       19550209   1530                6.02                    
312114500       19551212   2200                6.47                    
312114500       19561209   3260                7.08                    
312114500       19580420    938                5.18                    
312114500       19581112   2140                6.32                    
312114500       19591122   7620                6.98        1935          
312114500       19610221   1500                5.65                    
312114500       19620406   1490                5.64                    
312114500       19621119   2710                6.70                    
312114500       19631126    742                4.47                    
312114500       19751202   3830                7.67                    
312114500       19770118    950                5.30                    
312114500       19771201   3810                7.55                    
312114500       19790307    605                4.20                    
312114500       19791215   1840                5.94                    
312114500       19801226   1880                5.63                    
312114500       19820124   2080                5.85                    
312114500       19830108   1600                5.18                    
312114500       19840125   2620                6.18                    
312114500       19850607    882                4.39                    
312114500       19860224   1440                5.18                    
312114500       19861123   3260                6.83                    
312114500       19871209   1150                4.79                    
312114500       19881016   1440                5.18                    
312114500       19900109   2190                5.96                    
312114500       19901124   4640                6.88                    
312114500       19911205   1250                4.56                    
312114500       19930125    839                4.01                    
312114500       19940419    448                3.26                    
312114500       19950219   1640                4.97                    
312114500       19951129   3920                6.53                    
312114500       19970319   1400                4.73                    
312114500       19971030   1180                4.47                    
312114500       19981229   2920                5.96                    
312114500       19991215   2540                5.71                    
312114500       20010523    482                3.30                    
312114500       20020414   1370                4.70                    
312114500       20030131   2340                5.56                    
312114500       20031118   1800                5.12                    
312114500       20050118   2060                5.34                    
312114500       20060110   1180                4.48                    
312114500       20061106   5030                7.05                    
312114500       20080517   1570                4.90                    
312114500       20090107   3820                6.48                    
312114500       20091031    833                3.93                    
312114500       20110117   3200                6.13                    
312114500       20120222   1600                4.92                    
312114500       20130405    944                3.97                    
312114500       20140309   1570                4.72                    
312114500       20151117   6690                7.15                    
312114500       20170504   1410                4.49                    
312114500       20171022   3200                5.69                    
312114500       20181104   1410                4.51                    
