Z12117000                       USGS 
H12117000       4723121215042005353033SW1711001217.2           940              
N12117000       TAYLOR CREEK NEAR SELLECK, WA
Y12117000       
312117000       19561209   1090                4.38                    
312117000       19580117    425                3.86                    
312117000       19581112   1240                4.65                    
312117000       19591215   2170                5.20                    
312117000       19610221   1600                4.91                    
312117000       19611224    714                4.21                    
312117000       19630203    696                4.20                    
312117000       19640125   1390                4.82                    
312117000       19650129   2730                5.78                    
312117000       19660113    360                3.41                    
312117000       19661213    530                3.75                    
312117000       19680120    856                4.19                    
312117000       19681203    676                3.98                    
312117000       19700118    500                3.70                    
312117000       19710119   1050                4.44                    
312117000       19720120   1360                4.75                    
312117000       19721221    622                3.96                    
312117000       19740115    711                4.03                    
312117000       19750117    888                4.26                    
312117000       19751203   1040                4.43                    
312117000       19770118    379                3.42                    
312117000       19771202    864                4.23                    
312117000       19790206    602                3.87                    
312117000       19791215   1000                4.39                    
312117000       19801226    530                3.74                    
312117000       19820123    800                4.15                    
312117000       19830105    841                4.20                    
312117000       19840124   1690                5.09                    
312117000       19850607    338                3.45                    
312117000       19860223   1130                4.53                    
312117000       19861123   2330                5.57                    
312117000       19871209    753                3.83                    
312117000       19890405    986                4.37                    
312117000       19900210    920                4.29                    
312117000       19901124   1550                4.95                    
312117000       19920128    626                3.79                    
312117000       19930125    501                3.61                    
312117000       19931201    320                3.41                    
312117000       19941130    986                4.37                    
312117000       19960208   2280                5.53                    
312117000       19971030    575                3.54                    
312117000       19981227    857                4.21                    
312117000       19991215    976                4.01                    
312117000       20010319    349                3.32                    
312117000       20011213    878                4.09                    
312117000       20030131    787                3.99                    
312117000       20040129    944                4.32                    
312117000       20050118    997                4.21                    
312117000       20060110    804                4.14                    
312117000       20061106   2150                5.44                    
312117000       20080521    413                3.50                    
312117000       20090107   1700                5.08                    
312117000       20091026    448                3.47                    
312117000       20110117    936                4.24                    
312117000       20120222   1020                4.35                    
312117000       20130420    428                3.39                    
312117000       20140309    738                3.92                    
312117000       20150105   1270                4.59                    
312117000       20151209   1680                5.00                    
312117000       20170209    622                3.74                    
312117000       20171022    793                4.00                    
312117000       20181229    559                3.71                    
