Z12115500                       USGS 
H12115500       4721031213943005353033SW1711001213.4           1700             
N12115500       REX RIVER NEAR CEDAR FALLS, WA
Y12115500       
312115500       19451228   1780                6.20                    
312115500       19471107   1090                5.48                    
312115500       19481123    938                5.31                    
312115500       19491127   1560                5.98                    
312115500       19510211   1660                6.27                    
312115500       19520204    702                5.00                    
312115500       19530123   1640                6.27                    
312115500       19531209   1870                6.55                    
312115500       19550208   1570                6.24                    
312115500       19551211   2160                6.80                    
312115500       19561209   2550                7.19                    
312115500       19580419   1070                5.54                    
312115500       19581112   2160                6.80                    
312115500       19591122   4200                8.20                    
312115500       19610221   1640                6.51                    
312115500       19620406   1510                6.33                    
312115500       19621119   3020                7.702                   
312115500       19640101    728                5.48                    
312115500       19650128   2130                7.10                    
312115500       19660506    632                5.27                    
312115500       19661213    903                5.69                    
312115500       19680120   1770                6.69                    
312115500       19690105   3110                7.81                    
312115500       19700118    938                5.74                    
312115500       19710119   1200                6.09                    
312115500       19720228   1640                6.56                    
312115500       19721221   1390                6.29                    
312115500       19740115   1750                6.67                    
312115500       19750118   2210                7.10                    
312115500       19751201   2600                7.42                    
312115500       19770118    788                5.54                    
312115500       19771202   4030                8.12                    
312115500       19790206    940                5.75                    
312115500       19791215   2680                7.42                    
312115500       19810216   1110                5.96                    
312115500       19820123   2730                7.46                    
312115500       19830108   1620                6.44                    
312115500       19840124   3300                7.66                    
312115500       19850607    668                5.36                    
312115500       19860223   2540                7.17                    
312115500       19861123   3210                7.61                    
312115500       19871209   2300                7.00                    
312115500       19881016   2470                7.12                    
312115500       19900109   2140                6.88                    
312115500       19901124   3530                7.80                    
312115500       19911125   1050                5.86                    
312115500       19930125    902                5.68                    
312115500       19931201    565                5.20                    
312115500       19950219   1730                6.64                    
312115500       19960208   2530                7.33                    
312115500       19970214   1540                6.45                    
312115500       19971030   1300                6.19                    
312115500       19981229   2470                7.28                    
312115500       19991215   1820                6.72                    
312115500       20010612    413                4.86                    
312115500       20020414   1190                6.06                    
312115500       20030131   1630                6.53                    
312115500       20031118   1800                6.70                    
312115500       20050118   1860                6.75                    
312115500       20060110   1160                6.01                    
312115500       20061106   4160                8.42                    
312115500       20080517    808                5.53                    
312115500       20090107   3570                8.06                    
312115500       20091026    653                5.28                    
312115500       20110116   2390                7.21                    
312115500       20120222   2170                6.95                    
312115500       20121029   1010                5.77                    
312115500       20140309   1170                5.84                    
312115500       20150105   2510                7.17                    
312115500       20151117   3450                7.87                    
312115500       20170315    761                5.27                    
312115500       20171022   1970                6.70                    
312115500       20181104   1500                6.44                    
