Z12147600                       USGS 
H12147600       4742251213556005353033SW171100105.34           1850             
N12147600       SOUTH FORK TOLT RIVER NEAR INDEX, WA
Y12147600       
312147600       19591214   1780                6.28                    
312147600       19610221   1560                5.90                    
312147600       19620103    842                5.31                    
312147600       19621119   1880                7.00                    
312147600       19680120   1180                5.77                    
312147600       19690104   1750                6.79                    
312147600       19700409    758                4.77                    
312147600       19710119   1100                5.59                    
312147600       19711103   1420                6.24                    
312147600       19721226    952                5.23                    
312147600       19740115    853                4.98                    
312147600       19750118    940                5.20                    
312147600       19751202   1120                5.63                    
312147600       19770118    565                4.04                    
312147600       19771125   1020                5.41                    
312147600       19790120    552                3.99                    
312147600       19791214    924                5.16                    
312147600       19801226   1800                4.94                    
312147600       19820123   2190                5.16                    
312147600       19830105   1180                4.15                    
312147600       19840125   1620                4.64                    
312147600       19850427    665                3.39                    
312147600       19851101   1630                4.65                    
312147600       19861123   2140                6.46                    
312147600       19871209    995                4.25                    
312147600       19881016   1440                5.16                    
312147600       19900109   1250                4.77                    
312147600       19901109   1390                5.05                    
312147600       19920124    670                3.53                    
312147600       19930125   1290                6.06                    
312147600       19931121    361                3.51                    
312147600       19950219    831                4.97                    
312147600       19951128   1060                5.50                    
312147600       19970319    413                3.71                    
312147600       19971030    979                3.56                    
312147600       19990114   1550                4.11                    
312147600       19991215   22409               4.54                    
312147600       20010319    678                3.34                    
312147600       20020222   1210                3.84                    
312147600       20030131   1400                4.00                    
312147600       20031118   2190                4.51                    
312147600       20050118   1960                4.38                    
312147600       20051224    981                3.63                    
312147600       20061106   2130                4.48                    
312147600       20071203    991                3.59                    
312147600       20081112   1980                4.392                   
312147600       20091023    556                3.41                    
312147600       20101212   1710                4.22                    
312147600       20111228    933                3.58                    
312147600       20130405    782                3.41                    
312147600       20140309   1560                4.12                    
312147600       20150105   1710                4.93                    
312147600       20151208   1550                4.65                    
312147600       20161008   1160                3.98                    
312147600       20171021   1320                4.26                    
312147600       20181102   1450                4.46                    
