Z12143600                       USGS 
H12143600       4727101214300005353033SW1711001065.9           571.24           
N12143600       SF SNOQUALMIE RIVER AT EDGEWICK, WA
Y12143600       
312143600       19640101   2910                4.42                    
312143600       19650129   6370                5.96                    
312143600       19840124   8420               12.96                    
312143600       19850607   3230               10.35                    
312143600       19860224   5400               11.59                    
312143600       19861123   9060               13.22                    
312143600       19871209   5700               11.80                    
312143600       19881016   7270               12.47                    
312143600       19900109   8060               12.742                   
312143600       19901124  10800               13.85                    
312143600       19911205   4760               11.31                    
312143600       19930125   4190               11.14                    
312143600       19940304   1700                9.66                    
312143600       19950219   6340               12.24                    
312143600       19960208   9770               13.45                    
312143600       19970319   5730               11.99                    
312143600       19971030   5660               11.90                    
312143600       19981229   6830               12.392                   
312143600       19991215   7790               12.76                    
312143600       20001001   2050                9.83                    
312143600       20020414   5460               11.81                    
312143600       20030131   5930               12.02                    
312143600       20031118   8030               12.85                    
312143600       20050118   7420               12.62                    
312143600       20060110   4170               11.18                    
312143600       20061106  16500               15.32                    
312143600       20080517   4210               11.20                    
312143600       20090107  15800               15.09                    
312143600       20091031   3160               10.60                    
312143600       20110117   9280               13.29                    
312143600       20111229   5960               12.05                    
312143600       20121029   3550               10.84                    
312143600       20140309   5100               11.66                    
312143600       20150105   9740               13.44                    
312143600       20151117  12500               14.26                    
312143600       20161020   5400               11.80                    
312143600       20171022   9880               13.43                    
312143600       20181104   4980               11.61                    
