Z12145500                       USGS 
H12145500       4732241215428005353033SW1711001030.6           250.00           
N12145500       RAGING RIVER NEAR FALL CITY, WA
Y12145500       
312145500       19451228   1380                4.67                    
312145500       19461211   1650                4.97                    
312145500       19471019   1850                5.20                    
312145500       19490217   2200                5.60                    
312145500       19500304   2050                5.35                    
312145500       19510209   3430                6.76                    
312145500       19530131   1600                4.95                    
312145500       19531209   2200                5.54                    
312145500       19550208   2400                5.74                    
312145500       19551211   2500                5.85                    
312145500       19561209   1380                4.72                    
312145500       19580117   1290                4.61                    
312145500       19581112   2150                5.50                    
312145500       19591122   2930                6.27                    
312145500       19601124   2300                5.65                    
312145500       19611224   1240                4.54                    
312145500       19630203   1430                4.85                    
312145500       19640125   2090                5.07                    
312145500       19650129   2040                4.89                    
312145500       19660107   1110                3.91                    
312145500       19661213   1600                4.45                    
312145500       19680120   1210                4.02                    
312145500       19690105   1980                4.83                    
312145500       19700114   1230                4.04                    
312145500       19710109   2120                4.97                    
312145500       19720120   2470                4.96                    
312145500       19721226   1120                3.79                    
312145500       19740201   1310                3.92                    
312145500       19750117   1920                4.56                    
312145500       19751203   3380                5.48                    
312145500       19761125    764                3.49                    
312145500       19771215   1680                4.47                    
312145500       19790206   1320                4.14                    
312145500       19791215   3880                5.71                    
312145500       19801226   1620                4.42                    
312145500       19820123   2900                5.25                    
312145500       19830105   2750                5.17                    
312145500       19840124   3960                5.74                    
312145500       19841214    676                3.36                    
312145500       19860118   1900                4.64                    
312145500       19861123   5330                6.27                    
312145500       19880326   1510                4.33                    
312145500       19890405   1770                4.54                    
312145500       19900109   4640                6.02                    
312145500       19901124   6220                6.56                    
312145500       19920128   1380                4.13                    
312145500       19930125   2020                4.67                    
312145500       19931201    988                3.92                    
312145500       19950219   2430                5.52                    
312145500       19960208   3800                6.45                    
312145500       19961127   2040                5.20                    
312145500       19971030   1240                4.32                    
312145500       19981126   2440                5.45                    
312145500       19991215   1970                5.14                    
312145500       20001127    713                3.65                    
312145500       20011114   2350                5.41                    
312145500       20030131   1410                4.63                    
312145500       20031020   2970                5.94                    
312145500       20050118   2480                5.37                    
312145500       20060111   2140                5.09                    
312145500       20061106   4520                6.62                    
312145500       20071203   2170                5.24                    
312145500       20090107   3490                5.96                    
312145500       20100528   1310               13.89                    
312145500       20101212   2150               14.73                    
312145500       20120130   2200               14.78                    
312145500       20130130   1120               13.67                    
312145500       20140305   1630               14.25                    
312145500       20150105   2540               15.05                    
312145500       20151209   3520               15.73                    
312145500       20170209   2040               14.64                    
312145500       20171022   1860               14.47                    
312145500       20181230   1180               14.01                    
