Z12147500                       USGS 
H12147500       4742451214715005353033SW1711001039.9           600              
N12147500       NORTH FORK TOLT RIVER NEAR CARNATION, WA
Y12147500       
312147500       19530123   5850               10.94                    
312147500       19531209   5310               10.60                    
312147500       19550207   4640               10.15                    
312147500       19551211   7360               12.20                    
312147500       19561209   3610                9.43                    
312147500       19580116   2250                8.07                    
312147500       19581120   4360               10.07                    
312147500       19591215   9560               13.15                    
312147500       19610221   4130               10.10                    
312147500       19620107   3920                9.92                    
312147500       19621119   7030               12.06                    
312147500       19631126   2880                8.93                    
312147500       19650128   4370               10.30                    
312147500       19671225   4210               10.17                    
312147500       19690105   6540               11.78                    
312147500       19691001   2870                8.92                    
312147500       19710119   4580               10.47                    
312147500       19711104   5480               11.12                    
312147500       19721226   3310                9.36                    
312147500       19740124   3240                9.30                    
312147500       19750117   4720               10.58                    
312147500       19751202   6160               11.43                    
312147500       19770118   2790                8.72                    
312147500       19771202   5560               11.03                    
312147500       19781224   2490                8.38                    
312147500       19791214   4670               10.36                    
312147500       19801226   5180               10.44                    
312147500       19820214   6060               11.07                    
312147500       19821203   4830               10.19                    
312147500       19840125   5460               10.96                    
312147500       19841025   2680                8.48                    
312147500       19851101   4810               10.30                    
312147500       19861123   7510               12.24                    
312147500       19871209   3450                9.12                    
312147500       19881016   6130               11.30                    
312147500       19900109   6340               11.45                    
312147500       19901124   7560               12.27                    
312147500       19911105   3240                9.18                    
312147500       19930125   8230               12.72                    
312147500       19931201   2520                8.53                    
312147500       19950219   5560               10.96                    
312147500       19951129   8280               12.74                    
312147500       19970319   5380               10.83                    
312147500       19971030   2910                8.73                    
312147500       19990114   3790                9.55                    
312147500       19991215   8250               12.42                    
312147500       20010319   2610                8.27                    
312147500       20011114   4360                9.84                    
312147500       20030126   3660                9.26                    
312147500       20031020   8640               12.64                    
312147500       20041125   6480               11.35                    
312147500       20051224   3100                8.75                    
312147500       20061106   7640               12.04                    
312147500       20071203   4740               10.08                    
312147500       20090107   9140               12.89                    
312147500       20091026   3320                8.88                    
312147500       20101212   6230               11.15                    
312147500       20120221   4860               10.17                    
312147500       20130313   2980                8.51                    
312147500       20140309   4530                9.92                    
312147500       20150105   8120               12.32                    
312147500       20151030   5310               10.44                    
