Z12175500                       USGS 
H12175500       4840221210418005353073SW17110005105            1220             
N12175500       THUNDER CREEK NEAR NEWHALEM, WA
Y12175500       
312175500       19310626   3630                8.20                    
312175500       19320226   8780               11.30                    
312175500       19321113   5010                9.27                    
312175500       19340716   4440                8.82                    
312175500       19341105   6120               10.00                    
312175500       19360530   3800                8.30                    
312175500       19370621   2650                7.34                    
312175500       19371028   7630               11.00                    
312175500       19390528   4740                9.14                    
312175500       19400523   2060                6.63                    
312175500       19401020   5430                9.56                    
312175500       19411003   3530                8.15                    
312175500       19430710   2300                7.10                    
312175500       19440920   2780                7.43                    
312175500       19450904   3080                7.67                    
312175500       19451025   4220                8.68                    
312175500       19461025   5550                9.74                    
312175500       19471019   4410                8.90                    
312175500       19490513   2560                7.06                    
312175500       19491127   9630               12.14                    
312175500       19510210   3870                8.54                    
312175500       19520604   2580                7.02                    
312175500       19530928   2690                7.14                    
312175500       19540823   2850                7.48                    
312175500       19550616   3160                7.79                    
312175500       19551025  10800               12.68                    
312175500       19570611   2790                7.38                    
312175500       19571030   4060                8.57                    
312175500       19581202   4730                9.09                    
312175500       19591123   5880                9.91                    
312175500       19610617   3960                8.45                    
312175500       19620625   2280                6.79                    
312175500       19621120   9610               12.09                    
312175500       19631022   8490               11.49                    
312175500       19650813   2170                6.75                    
312175500       19660628   2200                6.79                    
312175500       19670621   3620                8.20                    
312175500       19680602   6020               10.00                    
312175500       19690604   2700                7.33                    
312175500       19700603   3200                7.82                    
312175500       19710719   3270                7.88                    
312175500       19720712   5580                9.71                    
312175500       19730623   2330                6.93                    
312175500       19740620   3170                7.79                    
312175500       19750710   4250                8.72                    
312175500       19751204   4820                9.16                    
312175500       19770118   3110                7.74                    
312175500       19780605   2660                7.29                    
312175500       19781107   5140                9.39                    
312175500       19791218   7610               10.99                    
312175500       19801226  14500               14.50                    
312175500       19820620   3790                8.34                    
312175500       19830713   6420               10.26                    
312175500       19840104   9400               11.98                    
312175500       19850607   2840                7.35                    
312175500       19860530   3280                7.81                    
312175500       19870512   5840                9.88                    
312175500       19880513   2970                7.59                    
312175500       19881016   9030               11.78                    
312175500       19891204   7650               11.01                    
312175500       19901110   8570               11.53                    
312175500       19920131   3830                8.37                    
312175500       19930511   3320                7.93                    
312175500       19940625   19309               6.42                    
312175500       19950726   29909               7.43                    
312175500       19951129  10900               12.76                    
312175500       19970709   6130               10.07                    
312175500       19971004   2230                6.81                    
312175500       19990616   3580                8.04                    
312175500       19991112  10100               12.34                    
312175500       20010523   2870                7.29                    
312175500       20020108   5760                9.70                    
312175500       20030126   3890                8.52                    
312175500       20031020  17800               15.90                    
312175500       20050119   7520               10.87                    
312175500       20060518   3280                8.93                    
312175500       20061106  10600               13.73                    
312175500       20080518   3400                9.36                    
312175500       20081112   4770               10.44                    
312175500       20091031   3020                9.02                    
312175500       20101010   4390               10.16                    
312175500       20120710   3100                9.09                    
312175500       20130906   3640                9.67                    
312175500       20140719   3670                9.59                    
312175500       20141128   4090                9.93                    
312175500       20151031   4940               10.59                    
312175500       20171008   5400               10.91                    
312175500       20181102   5340               10.84                    
