Z12186000                       USGS 
H12186000       4810081212810005353061SW17110006152            930              
N12186000       SAUK RIVER AB WHITE CHUCK RIVER NR  DARRINGTON, WA
Y12186000       
312186000       19171229  24400               13.30                    
312186000       19181214   8430                7.89                    
312186000       19191115  11400                8.96                    
312186000       19201004   8960                8.13                    
312186000       19211212  29100               14.65                    
312186000       19281009   7030                7.50                    
312186000       19300205   5060                6.35                    
312186000       19310127   7410                7.72                    
312186000       19320226  22900               13.00                    
312186000       19321113  13000               10.30                    
312186000       19331221  18600               12.05                    
312186000       19350125  13200               10.41                    
312186000       19360516   4400                6.26                    
312186000       19370603   4310                6.19                    
312186000       19380418   8240                8.23                    
312186000       19390529   7010                7.60                    
312186000       19391215   5480                6.71                    
312186000       19401018   4180                5.94                    
312186000       19411202   7220                7.61                    
312186000       19421123   6230                7.06                    
312186000       19431203  10300                9.00                    
312186000       19450207   8940                8.40                    
312186000       19451025   8950                8.00                    
312186000       19461025  10200                8.50                    
312186000       19471019  13500                9.68                    
312186000       19490513   5660                6.52                    
312186000       19491127  30200               14.90                    
312186000       19510210  208002                                       
312186000       19520605   5080                6.41                    
312186000       19530131   9360                8.17                    
312186000       19531031   5600                6.56                    
312186000       19550610   6460                6.96                    
312186000       19551104  14400                9.86                    
312186000       19561210   9650                8.19                    
312186000       19580526   4440                6.19                    
312186000       19581120  11200                8.73                    
312186000       19591215  14700                9.95                    
312186000       19610115   9730                8.22                    
312186000       19620103   7250                7.28                    
312186000       19621120  13800                9.63                    
312186000       19640101   6610                6.92                    
312186000       19641130   6880                7.05                    
312186000       19660506   4890                6.37                    
312186000       19661213   7410                7.43                    
312186000       19671027  16800               10.62                    
312186000       19690105   6010                7.02                    
312186000       19700603   4970                6.57                    
312186000       19710119   7180                7.47                    
312186000       19720228   7820                7.70                    
312186000       19721226   5910                6.98                    
312186000       19740116  12500                9.28                    
312186000       19741221   8670                7.99                    
312186000       19751204  19400               11.55                    
312186000       19770118   8610                7.97                    
312186000       19771101  12900                9.41                    
312186000       19781104   7480                7.56                    
312186000       19791218  19000               10.70                    
312186000       19801226  40100               16.03                    
312186000       19820215   7240                7.36                    
312186000       19821203  17300               10.59                    
312186000       19840104  12600                9.22                    
312186000       19850607   6470                7.03                    
312186000       19860119  12900                9.30                    
312186000       19861123  11800                8.94                    
312186000       19871209   6840                7.18                    
312186000       19881016  10500                8.53                    
312186000       19891204  16000               10.22                    
312186000       19901124  24600               12.56                    
312186000       19911205   5970                6.82                    
312186000       19930512   5140                6.45                    
312186000       19940302   4690                6.24                    
312186000       19950219   8390                7.76                    
312186000       19951108  24100               12.43                    
312186000       19970319  10100                8.40                    
312186000       19971030  13800                9.57                    
312186000       19981229   7780                7.55                    
312186000       19991112  13000                9.34                    
312186000       20010523   3670                5.73                    
312186000       20020107  13500                9.34                    
312186000       20030126  10800                8.30                    
312186000       20031020  44000               15.39                    
312186000       20041211  18800               10.56                    
312186000       20051224   7700                7.35                    
312186000       20061106  33600               13.51                    
312186000       20071203  15100                9.62                    
312186000       20081112  11400                8.83                    
312186000       20091117   7490                7.27                    
312186000       20101212  12700                8.96                    
312186000       20111123   5940                6.61                    
312186000       20130929   7170                7.15                    
312186000       20140309   7050                7.09                    
312186000       20141128  14500                9.47                    
312186000       20151208  20000               10.82                    
312186000       20161020  11000                8.46                    
312186000       20171123  16900               10.10                    
312186000       20181127   7580                7.17                    
