Z12374250                       USGS 
H12374250       4749471144152003030089SW1701021219.6           3000             
N12374250       Mill Cr ab Bassoo Cr nr Niarada MT
Y12374250       
312374250       19830527   42.0                2.01                    
312374250       19840621   27.0                1.85                    
312374250       19850416   46.0                2.18                    
312374250       19860330   75.0                2.272                   
312374250       19870501   39.0                2.112                   
312374250       19880419   18.0                5.98                    
312374250       19890422   79.0                6.76                    
312374250       19900404   49.0                6.42                    
312374250       19910520    113                6.83                    
312374250       19920510   17.0                1.632                   
312374250       19930516   28.012                                      
312374250       19940424   23.0                1.74                    
312374250       19950513   27.0                1.812                   
312374250       19960409    149                2.722                   
312374250       19970428    173                2.602                   
312374250       19980527   29.0                2.072                   
312374250       19990526   56.0                2.222                   
312374250       20000422   52.0                2.192                   
312374250       20010516   19.0                1.882                   
312374250       20020522    145                2.70                    
312374250       20030531   21.0                1.902                   
312374250       20040531   26.0                1.972                   
312374250       20050120   14.0                1.812                   
312374250       20060501   42.0                2.142                   
312374250       20070313   24.0                1.952                   
312374250       20080519    187                3.18                    
312374250       20090423    151                2.582                   
312374250       20100422   57.0                2.122                   
312374250       20110403    166                2.722                   
312374250       20120425    283                3.01                    
312374250       20130406   78.0                2.23                    
312374250       20140503    108                2.42                    
312374250       20150316    113                2.342                   
312374250       20160410   58.0                2.082                   
312374250       20170318    302                3.35                    
312374250       20180429    192                2.86                    
312374250       20190425   78.5                2.36                    
