Z12375900                       USGS 
H12375900       4729291140135003030047SW170102127.61           3320             
N12375900       South Crow Creek near Ronan MT
Y12375900       
312375900       19830630    295                3.60                    
312375900       19840628    230                3.30                    
312375900       19850602    121                2.872                   
312375900       19860529    277                3.52                    
312375900       19870501   94.0                2.742                   
312375900       19880607   66.0                2.68                    
312375900       19890616    134                2.94                    
312375900       19900530    195                3.14                    
312375900       19910630    312                3.67                    
312375900       19920613   59.0                2.57                    
312375900       19930601    222                3.26                    
312375900       19940602    146                2.95                    
312375900       19950704    238                3.36                    
312375900       19960605    152                3.012                   
312375900       19970605    192                3.192                   
312375900       19980527    167                3.122                   
312375900       19990525    106                2.892                   
312375900       20000615   84.0                2.80                    
312375900       20010527    100                2.752                   
312375900       20020629    145                2.932                   
312375900       20030601    277                3.52                    
312375900       20040528    115                2.91                    
312375900       20050603    608                4.96                    
312375900       20060616    220                3.302                   
312375900       20070606    130                2.892                   
312375900       20080521    155                3.022                   
312375900       20090601    227                3.332                   
312375900       20100617    240                3.392                   
312375900       20110624    231                3.35                    
312375900       20120624    218                3.21                    
312375900       20130514    142                2.96                    
312375900       20140620    160                3.02                    
312375900       20150602    172                3.052                   
312375900       20160609    114                2.87                    
312375900       20170614    172                3.28                    
312375900       20180623    217                3.52                    
312375900       20190604   98.2                2.73                    
