Z12377150                       USGS 
H12377150       4719221135845003030047SW1701021212.4           3460             
N12377150       Mission Creek ab reservoir nr St. Ignatius MT
Y12377150       
312377150       19830630    547                4.19                    
312377150       19840621    421                3.64                    
312377150       19850608    430                3.53                    
312377150       19860531    450                3.95                    
312377150       19870722    499                4.02                    
312377150       19880605    263                3.07                    
312377150       19890616    352                3.38                    
312377150       19900624    419                3.70                    
312377150       19910630    706                4.722                   
312377150       19920613    244                3.13                    
312377150       19930601    447                3.89                    
312377150       19940601    272                3.52                    
312377150       19950703    579                4.41                    
312377150       19960609    406                4.03                    
312377150       19970601    374                3.98                    
312377150       19980527    495                4.27                    
312377150       19990617    470                4.07                    
312377150       20000615    364                3.85                    
312377150       20010526    368                3.77                    
312377150       20020629    409                4.19                    
312377150       20030531    552                4.33                    
312377150       20040611    472                4.12                    
312377150       20050603    572                4.38                    
312377150       20060603    431                3.99                    
312377150       20070606    347                3.72                    
312377150       20080622    389                3.84                    
312377150       20090714    441                4.02                    
312377150       20100630    409                3.81                    
312377150       20110630    492                4.10                    
312377150       20120623    560                4.14                    
312377150       20130514    403                3.79                    
312377150       20140704    295                3.36                    
312377150       20150609    331                3.54                    
312377150       20160609    361                3.65                    
312377150       20170614    452                3.96                    
312377150       20180623    915                5.11                    
312377150       20190517    457                3.83                    
