Z12388400                       USGS 
H12388400       4715581142424003030089SW1701021223.3           3420             
N12388400       Revais Cr bl West Fork nr Dixon MT
Y12388400       
312388400       19830526    184                3.822                   
312388400       19840530    198                3.772                   
312388400       19850525    129                3.632                   
312388400       19860528    262                4.082                   
312388400       19870501    167                3.772                   
312388400       19880513   94.0                3.48                    
312388400       19890508    153                3.712                   
312388400       19900530    131                3.652                   
312388400       19910518    277                4.05                    
312388400       19920507   80.0                3.40                    
312388400       19930515    156                3.78                    
312388400       19940512    102                3.52                    
312388400       19950531    102                3.522                   
312388400       19960609    181                3.742                   
312388400       19970601    382                4.362                   
312388400       19980527    151                3.84                    
312388400       19990525    233                4.15                    
312388400       20000523   86.0                3.67                    
312388400       20010525   94.0                3.69                    
312388400       20020521    263                4.31                    
312388400       20030529    170                4.01                    
312388400       20040528    111                3.79                    
312388400       20050517    116                3.752                   
312388400       20060520    193                4.03                    
312388400       20070513   96.0                3.672                   
312388400       20080519    313                4.33                    
312388400       20090531    249                4.22                    
312388400       20100605    181                4.042                   
