Z12390700                       USGS 
H12390700       4735091152118003030089SW17010213182            2382.4           
N12390700       Prospect Creek at Thompson Falls MT
Y12390700       
312390700       19560521   2860                7.60                    
312390700       19570505   1920                6.25                    
312390700       19580510   1530                5.65                    
312390700       19590501   1900                6.13                    
312390700       19600513   1490                5.59                    
312390700       19610527   2070                6.57                    
312390700       19620420   1670                5.82                    
312390700       19630525    900                4.32                    
312390700       19640608   2290                6.79                    
312390700       19650421   2220                6.68                    
312390700       19660507   1570                5.58                    
312390700       19670523   2320                6.65                    
312390700       19680520    975                4.49                    
312390700       19690424   1760                5.97                    
312390700       19700527   1700                5.86                    
312390700       19710513   2430                7.60                    
312390700       19720601   2580                7.09                    
312390700       19730518    858                4.15                    
312390700       19740116   5490                9.86                    
312390700       19750516   1860                5.73                    
312390700       19760511   2850                7.09                    
312390700       19770503    475                2.89                    
312390700       19780401   1310                4.83                    
312390700       19790506   1690                5.51                    
312390700       19800429   1300                4.82                    
312390700       19801226   2960                7.29                    
312390700       19820526   1670                5.48                    
312390700       19830530   1300                4.83                    
312390700       19840531   1140                4.67                    
312390700       19850525   1260                4.80                    
312390700       19860226   1310                4.85                    
312390700       19870501   1280                4.78                    
312390700       19880418    966                4.17                    
312390700       19890422   1560                5.29                    
312390700       19900110   1010                4.25                    
312390700       19901125   1870                5.80                    
312390700       19920508    616                3.35                    
312390700       19930515   1560                5.30                    
312390700       19940422    689                3.55                    
312390700       19950220   1430                5.01                    
312390700       19960209   5160                9.54                    
312390700       19970517   2680                6.94                    
312390700       19980504   1010                4.46                    
312390700       19990526   1850                5.77                    
312390700       20000414   1590                5.36                    
312390700       20010516    586                3.36                    
312390700       20020414   2160                6.23                    
312390700       20030526    817                3.79                    
312390700       20040415    612                3.39                    
312390700       20050427    563                3.25                    
312390700       20060518   1390                5.03                    
312390700       20070313   1430                5.10                    
312390700       20080519   3030                7.27                    
312390700       20090519   1440                4.87                    
312390700       20100605    707                3.70                    
312390700       20110516   2250                5.86                    
312390700       20120425   2370                6.52                    
312390700       20130513   1420                5.09                    
312390700       20140524   1270                4.85                    
312390700       20150316   1180                4.71                    
312390700       20160423    867                4.03                    
312390700       20170319   3640                8.10                    
