Z12451000                       USGS 
H12451000       4819471204126005353007SW17020009321            1098.50          
N12451000       STEHEKIN RIVER AT STEHEKIN, WA
Y12451000       
312451000       19110613  12200                6.503                   
312451000       19120520   7090                5.743                   
312451000       19130525   6420                5.403                   
312451000       19140602   7290                5.903                   
312451000       19150509   3530                3.943                   
312451000       19270608  11100               26.39                    
312451000       19280522  11400               26.62                    
312451000       19290523   6050               24.13                    
312451000       19300516   4720               23.50                    
312451000       19310514   7670               24.91                    
312451000       19320227  10200               26.11                    
312451000       19330615  12100               26.94                    
312451000       19340424  10000               26.02                    
312451000       19350608   7620               24.90                    
312451000       19360602  12900               27.18                    
312451000       19370603   9150               25.56                    
312451000       19380624   9150               25.56                    
312451000       19390529   9150               25.60                    
312451000       19400523   7990               25.09                    
312451000       19401019   4210               22.97                    
312451000       19420525   8370               25.27                    
312451000       19430526   8160               25.17                    
312451000       19440515   5420               23.66                    
312451000       19450531   8590               25.36                    
312451000       19460527   7530               24.84                    
312451000       19470508   7960               25.00                    
312451000       19480529  18900               29.00        1911          
312451000       19490515  10600               25.72                    
312451000       19491127  18400               28.81                    
312451000       19510511  12700               26.89                    
312451000       19520605   7400               24.65                    
312451000       19530517   6730               24.32                    
312451000       19540519   9440               25.53                    
312451000       19550611  12400               26.65                    
312451000       19560601  13100               27.22                    
312451000       19570506   8890               25.76                    
312451000       19580525  12100               26.622                   
312451000       19590620   9190               25.63                    
312451000       19600603  10300               26.02                    
312451000       19610603  12600               26.93                    
312451000       19620615   6900               23.87                    
312451000       19621120  11200               25.88                    
312451000       19640610  10100               25.39                    
312451000       19650528   8230               24.64                    
312451000       19660506   8380               24.59                    
312451000       19670621  13900               26.71                    
312451000       19680602  14400               27.37                    
312451000       19690605  11100               25.90                    
312451000       19700603  11100               26.05                    
312451000       19710513   9620               25.39                    
312451000       19720610  14400               27.35                    
312451000       19730517   5340               23.11                    
312451000       19740616  16600               28.21                    
312451000       19750602  10200               25.64                    
312451000       19751204   9310               25.17                    
312451000       19770607   5800               23.40                    
312451000       19780605  10100               25.63                    
312451000       19781108   6980               24.08                    
312451000       19800505   7470               24.35                    
312451000       19801226  17300               28.47                    
312451000       19820621   9970               25.55                    
312451000       19830530  12100               26.47                    
312451000       19840104   9660               25.41                    
312451000       19850522   8030               24.18                    
312451000       19860530  11800               25.90                    
312451000       19870512  13300               26.55                    
312451000       19880512  10600               25.42                    
312451000       19881016  12000               26.02                    
312451000       19891110   8460               24.79                    
312451000       19901124  14700               27.45                    
312451000       19920507   6600               23.96                    
312451000       19930513  11700               26.13                    
312451000       19940509   6500               23.70                    
312451000       19950530   9060               25.00                    
312451000       19951129  209002              29.58                    
312451000       19970617  11700               26.21                    
312451000       19980503   7670               24.29                    
312451000       19990616  12100               26.28                    
312451000       19991112  11900               26.26                    
312451000       20010523   7170               24.09                    
312451000       20020616   8960               24.92                    
312451000       20030608   7090               23.83                    
312451000       20031020  26000               31.12                    
312451000       20050119   7530               23.78                    
312451000       20060518  12500               25.85                    
312451000       20061106  19100               28.78                    
312451000       20080518  12100               25.64                    
312451000       20081112   8820               24.10                    
312451000       20100517   6410               22.86                    
312451000       20110607   7050               23.20                    
312451000       20120710   8120               23.75                    
312451000       20130512   8660               24.02                    
312451000       20140517   8100               23.74                    
312451000       20141128   6130               22.71                    
312451000       20160422   8420               23.90                    
312451000       20170531  12500               25.80                    
312451000       20171123  12500               25.81                    
312451000       20190512   6440               22.88                    
