Z13161500                       USGS 
H13161500       4156001154025003232007SW17050102382            4500.00          
N13161500       BRUNEAU RV AT ROWLAND, NV
Y13161500       
313161500       19130611    38315              3.70                    
313161500       19140417    97225              5.80                    
313161500       19150520    2835               3.25                    
313161500       19160411   10005               5.10                    
313161500       19170514   14405               7.005                   
313161500       19180412    3045               2.42                    
313161500       19620211   21205              13.00                    
313161500       19630604   12705              11.70                    
313161500       19640417    6005              10.80                    
313161500       19650417    8865              11.50                    
313161500       19660403    5005              13.37                    
313161500       19670510    4265               5.05                    
313161500       19680607    3325               4.70                    
313161500       19690422   11405               7.52                    
313161500       19700518    8285               6.70                    
313161500       19710505   12405               8.09                    
313161500       19720314    9055               6.70                    
313161500       19730413    5825               5.54                    
313161500       19740424    7015               6.18                    
313161500       19750517   21005              10.00                    
313161500       19760407    6125               5.73                    
313161500       19770408    2985               4.39                    
313161500       19780331    6305               5.78                    
313161500       19790524    6615               5.98                    
313161500       19800421    8325               6.47                    
313161500       19810427    1605               3.75                    
313161500       19820413   11405               7.36                    
313161500       19830424   17505               9.07                    
313161500       19840514   21405              12.01                    
313161500       19850408    9335               6.75                    
313161500       19860308   12005               7.29                    
313161500       19870520    2815               4.09                    
313161500       19880327    2525               4.05                    
313161500       19890409    8875               6.46                    
313161500       19900531    1885               3.74                    
313161500       19910525    2395               4.02                    
313161500       19920509   78.05               3.02                    
313161500       19930607    3405               4.68                    
313161500       19940512    3215               4.45                    
313161500       19950603    8525               6.80                    
313161500       19960520    70115                                      
313161500       19970516    700125                                     
313161500       19980516    9405               6.72                    
313161500       19990530    6345               5.64                    
313161500       20000404    4925               5.05                    
313161500       20010428    2325               3.94                    
313161500       20020406    6845               5.80                    
313161500       20030510    3325               4.48                    
313161500       20040324    6595               5.72                    
313161500       20050517   16205               9.95                    
313161500       20060416   14305               9.69                    
313161500       20070408    2035               4.03                    
313161500       20080519    5365               5.58                    
313161500       20090423    6085               5.89                    
313161500       20100421    5805               5.75                    
313161500       20110418   15505               9.36                    
313161500       20120317    3905               4.88                    
313161500       20130402    2365               4.18                    
313161500       20140809    1365               3.58                    
313161500       20150524    6175               5.94                    
313161500       20160509    5865               5.882                   
313161500       20170322   14605               9.62                    
313161500       20180322    6185               5.97                    
313161500       20190409    9475               8.72                    
