Z13235000                       USGS 
H13235000       4405071153720001616015SW17050120446            3770             
N13235000       SOUTH FORK PAYETTE RIVER AT LOWMAN, ID
Y13235000       
313235000       19410526   3580                4.02                    
313235000       19420526   3320                5.82                    
313235000       19430529   4860                6.53                    
313235000       19440516   2230                4.92                    
313235000       19450622   2960                5.44                    
313235000       19460605   3690                5.89                    
313235000       19470509   4460                6.32                    
313235000       19480528   5250                6.73                    
313235000       19490516   4530                6.362                   
313235000       19500622   4370                6.27                    
313235000       19510528   4570                6.44                    
313235000       19520606   4860                6.59                    
313235000       19530613   5030                6.69                    
313235000       19540521   5450                6.83                    
313235000       19550613   4060                6.15                    
313235000       19560524   7050                7.45                    
313235000       19570605   5840                6.78                    
313235000       19580527   5820                6.64                    
313235000       19590614   3800                5.83                    
313235000       19600604   3700                5.69                    
313235000       19610527   3500                5.58                    
313235000       19620620   3070                5.48                    
313235000       19630523   3880                5.80                    
313235000       19640607   34101                                       
313235000       19650612   5590                6.83                    
313235000       19660529   2880                5.27                    
313235000       19670622   4550                6.32                    
313235000       19680604   2940                5.41                    
313235000       19690526   4500                6.28                    
313235000       19700606   4870                6.49                    
313235000       19710626   6020                7.16                    
313235000       19720611   7190                7.49                    
313235000       19730519   3180                5.63                    
313235000       19740616   8980                8.36                    
313235000       19750607   4990                6.54                    
313235000       19760528   4030                6.04                    
313235000       19770607   2060                4.72                    
313235000       19780610   4680                6.20                    
313235000       19790528   3500                5.58                    
313235000       19800523   4260                6.03                    
313235000       19810609   5100                6.65                    
313235000       19820620   6440                7.27                    
313235000       19830529   6840                7.26                    
313235000       19840531   5400                6.68                    
313235000       19850525   3210                5.60                    
313235000       19860601   7290                7.58                    
313235000       19870501   2180                4.92                    
313235000       19880525   2440                5.02                    
313235000       19890510   3280                5.56                    
313235000       19900611   2480                5.04                    
313235000       19910612   2570                5.18                    
313235000       19920509   1870                4.68                    
313235000       19930521   5060                6.37                    
313235000       19940513   2520                4.93                    
313235000       19950605   4780                6.40                    
313235000       19960609   7150                6.95                    
313235000       19970517   6680                7.33                    
313235000       19980626   3330                5.62                    
313235000       19990529   6090                7.05                    
313235000       20000525   3230                5.55                    
313235000       20010516   2400                5.04                    
313235000       20020531   4020                6.00                    
313235000       20030530   6400                7.20                    
313235000       20040607   3310                5.61                    
313235000       20050520   3910                5.94                    
313235000       20060520   7480                7.72                    
313235000       20070514   2730                5.41                    
313235000       20080521   5670                6.90                    
313235000       20090601   4510                6.33                    
313235000       20100605   8750                8.09                    
313235000       20110624   6040                7.06                    
313235000       20120426   6280                7.16                    
313235000       20130514   3480                5.68                    
313235000       20140528   4920                6.43                    
313235000       20150602   2150                4.90                    
313235000       20160509   3820                5.96                    
313235000       20170531   7210                7.56                    
313235000       20180526   3910                6.01                    
313235000       20190604   4320                6.23                    
