Z13313000                       USGS 
H13313000       4457421153000001616085SW17060208218            4655.75          
N13313000       JOHNSON CREEK AT YELLOW PINE ID
Y13313000       
313313000       19290523   2200                4.953                   
313313000       19300529   1980                4.693                   
313313000       19310516   1450                4.043                   
313313000       19320615   3200                5.893                   
313313000       19330609   5150                7.623                   
313313000       19340423   2100                4.723                   
313313000       19350523   2420                5.073                   
313313000       19360514   34306               6.103                   
313313000       19370519   17206               4.423                   
313313000       19380528   35206               6.023                   
313313000       19390430   20706               4.683                   
313313000       19400513   29106               5.493                   
313313000       19410513   25206               5.143                   
313313000       19420525   25206               5.143                   
313313000       19430529   33906               6.013                   
313313000       19440515   14706               4.093                   
313313000       19450510   24306               5.063                   
313313000       19460528   24706               5.103                   
313313000       19470509   45306               6.943                   
313313000       19480527   46206               7.013                   
313313000       19490516   46106               7.003                   
313313000       19500621   32006               5.943                   
313313000       19510528   30206               5.773                   
313313000       19520606   28006               5.623                   
313313000       19530613   36806               6.313                   
313313000       19540520   41706               6.613                   
313313000       19550611   29306               5.593                   
313313000       19560527   54406               7.643                   
313313000       19570602   42106               6.743                   
313313000       19580523   42906               6.853                   
313313000       19590606   28806               5.563                   
313313000       19600603   25606               5.343                   
313313000       19610526   31706               5.843                   
313313000       19620603   27206               5.443                   
313313000       19630524   34106               6.193                   
313313000       19640606   31106               5.833                   
313313000       19650611   43406               6.883                   
313313000       19660509   17806               4.493                   
313313000       19670621   31806               6.113                   
313313000       19680603   20506               4.903                   
313313000       19690525   32006               6.063                   
313313000       19700605   40506               6.903                   
313313000       19710528   37906               6.693                   
313313000       19720602   45106               7.103                   
313313000       19730518   21106               4.833                   
313313000       19740617   62306               8.323       1929          
313313000       19750607   29606               5.773                   
313313000       19760518   26106               5.433                   
313313000       19770611    6336               2.773                   
313313000       19780608   30906               6.16                    
313313000       19790526   23006               5.42                    
313313000       19800522   26406               5.75                    
313313000       19810608   26906               5.74                    
313313000       19820527   44906               7.01                    
313313000       19830530   44206               7.27                    
313313000       19840531   38006               6.76                    
313313000       19850524   22106               5.37                    
313313000       19860531   44206               7.30                    
313313000       19870430   15806               4.70                    
313313000       19880523   15306               4.60                    
313313000       19890511   2150                5.31                    
313313000       19900529   1890                5.04                    
313313000       19910525   2060                5.22                    
313313000       19920508   1700                4.84                    
313313000       19930520   3360                6.38                    
313313000       19940511   1530                4.58                    
313313000       19950603   2970                6.06                    
313313000       19960608   4560                7.29                    
313313000       19970518   4400                7.18                    
313313000       19980508   2040                5.18                    
313313000       19990529   3930                6.83                    
313313000       20000522   2080                5.20                    
313313000       20010515   1550                4.63                    
313313000       20020529   2500                5.60                    
313313000       20030530   4500                7.36                    
313313000       20040528   1670                4.71                    
313313000       20050519   2990                6.05                    
313313000       20060519   4580                7.43                    
313313000       20070512   1810                4.89                    
313313000       20080521   6250                8.17                    
313313000       20090519   4590                7.17                    
313313000       20100604   6090                8.08                    
313313000       20110623   3430                6.33                    
313313000       20120516   3780                6.62                    
313313000       20130513   3330                6.25                    
313313000       20140524   3500                6.39                    
313313000       20150513   1310                4.35                    
313313000       20160508   3030                5.99                    
313313000       20170531   5050                7.45                    
313313000       20180509   3520                6.38                    
313313000       20190514   3130                6.09                    
