Z13310700                       USGS 
H13310700       4459131154330001616085SW17060208330            3750.            
N13310700       SF SALMON RIVER NR KRASSEL RANGER STATION ID
Y13310700       
313310700       19670524   3840                7.75                    
313310700       19680604   2450                6.13                    
313310700       19690515   3740                7.38                    
313310700       19700606   4720                8.14                    
313310700       19710529   5070                8.47                    
313310700       19720610   5630                8.83                    
313310700       19730519   2460                6.08                    
313310700       19740617   6740               10.00                    
313310700       19750607   3590                7.27                    
313310700       19760511   3420                7.10                    
313310700       19770608    778                3.70                    
313310700       19780609   3430                7.11                    
313310700       19790527   2620                6.28                    
313310700       19800523   3550                7.23                    
313310700       19810609   3560                7.11                    
313310700       19820526   5120                8.68                    
313310700       19850525   2580                6.29                    
313310700       19860521   2230                5.87                    
313310700       19890511   2780                6.35                    
313310700       19900529   2070                5.68                    
313310700       19910526   2020                5.58                    
313310700       19920509   1850                5.37                    
313310700       19930515   3390                6.98                    
313310700       19940512   1650                5.12                    
313310700       19950603   3710                7.26                    
313310700       19960518   5690                8.74                    
313310700       19970517   6090                9.00                    
313310700       19980509   3020                6.64                    
313310700       19990527   5050                8.30                    
313310700       20000523   2560                6.14                    
313310700       20010515   1940                5.44                    
313310700       20020531   3100                6.68                    
313310700       20030530   5710                8.75                    
313310700       20040528   2320                5.88                    
313310700       20050519   3770                7.28                    
313310700       20060520   6150                9.04                    
313310700       20070513   2110                5.64                    
313310700       20080521   6360                9.40                    
313310700       20090520   4100                7.66                    
313310700       20100604   9710               11.07                    
313310700       20110624   4380                7.69                    
313310700       20120426   6430                9.22                    
313310700       20130514   3680                7.12                    
313310700       20140525   3550                7.04                    
313310700       20150516   1390                4.68                    
313310700       20160509   3530                7.05                    
313310700       20170602   5110                8.30                    
313310700       20180510   3400                6.93                    
313310700       20190409   4370                7.75                    
