Z13338500                       USGS 
H13338500       4605111155836001616049SW170603051168           1311.99          
N13338500       SF CLEARWATER RIVER AT STITES ID
Y13338500       
313338500       19110516   5150                3.60                    
313338500       19120529  10700                6.00                    
313338500       19640608  17500               10.30                    
313338500       19650129   7610                7.31                    
313338500       19660507   3660                5.45                    
313338500       19670523   7340                7.05                    
313338500       19680609   4190                5.80                    
313338500       19690106   7860                7.46                    
313338500       19700520   6970                7.07                    
313338500       19710513   7300                7.24                    
313338500       19720517   8560                7.72                    
313338500       19730518   2270                4.74                    
313338500       19740606   6750                7.05                    
313338500       19750516   9890                8.30                    
313338500       19760511   9710                8.25                    
313338500       19770502   3690                5.49                    
313338500       19780427   9190                7.79                    
313338500       19790508   9870                8.01                    
313338500       19800525   7080                6.91                    
313338500       19810616   7410                7.08                    
313338500       19820527   6240                6.61                    
313338500       19830529   4060                5.67                    
313338500       19840531   9300                7.95                    
313338500       19850605   4580                5.89                    
313338500       19860223   5480                6.50                    
313338500       19870429   3050                5.17                    
313338500       19880418   5060                6.11                    
313338500       19890422   5670                6.38                    
313338500       19900529   9130                7.74                    
313338500       19910519   4600                6.21                    
313338500       19920501   1630                4.44                    
313338500       19930607   7920                7.56                    
313338500       19940422   3450                5.58                    
313338500       19950506  11100                8.56                    
313338500       19960207  12100                8.82                    
313338500       19970101  11600                8.68                    
313338500       19980704   7870                7.45                    
313338500       19990526   4890                6.20                    
313338500       20000510   3590                5.57                    
313338500       20010501   4970                6.24                    
313338500       20020414   4970                6.24                    
313338500       20030529   5470                6.46                    
313338500       20040528   7470                7.26                    
313338500       20050517   5380                6.42                    
313338500       20060406   4120                5.84                    
313338500       20070503   2480                5.01                    
313338500       20080520   7370                7.30                    
313338500       20090519   7940                7.52                    
313338500       20100609   8340                7.66                    
313338500       20110608  13800                9.34                    
313338500       20120427   5640                6.65                    
313338500       20130514   4150                5.97                    
313338500       20140518   4600                6.18                    
313338500       20150328   2550                5.10                    
313338500       20160510   4960                6.34                    
313338500       20170316   5290                6.48                    
