Z13331500                       USGS 
H13331500       4537121174332004141063SW17060105240            2540.48          
N13331500       MINAM RIVER AT MINAM, OR
Y13331500       
313331500       19130528   45007               7.3036                   
313331500       19660506   1810                4.18                    
313331500       19670522   4280                5.59                    
313331500       19680603   2700                4.65                    
313331500       19690609   3210                4.98                    
313331500       19700606   4910                5.91                    
313331500       19710529   4650                5.78                    
313331500       19720601   4750                6.22                    
313331500       19730524   2310                4.56                    
313331500       19740616   6260                6.89                    
313331500       19750706   3180                4.99                    
313331500       19760514   2470                4.43                    
313331500       19770608   2140                4.08                    
313331500       19780607   2600                4.50                    
313331500       19790527   2810                4.65                    
313331500       19800522   2760                4.64                    
313331500       19810608   2790                4.54                    
313331500       19820618   3950                5.18                    
313331500       19830529   4420                5.35                    
313331500       19840530   4670                5.65                    
313331500       19850524   2750                4.19                    
313331500       19860531   4240                5.232                   
313331500       19870430   2600                4.04                    
313331500       19880528   2050                3.59                    
313331500       19890615   2930                4.30                    
313331500       19900610   1960                3.50                    
313331500       19910519   2990                4.35                    
313331500       19920508   1670                3.22                    
313331500       19930514   3370                4.63                    
313331500       19940512   2370                3.84                    
313331500       19950605   2840                4.23                    
313331500       19960209   3370                4.63                    
313331500       19970517   3920                5.02                    
313331500       19980525   3230                4.53                    
313331500       19990616   3650                4.93                    
313331500       20000523   2150                3.64                    
313331500       20010515   2320                3.80                    
313331500       20020530   3660                4.84                    
313331500       20030530   4880                5.82                    
313331500       20040606   2810                4.25                    
313331500       20050516   2730                4.18                    
313331500       20060520   4200                5.34                    
313331500       20061108   1830                3.28                    
313331500       20080519   3900                5.09                    
313331500       20090531   3770                4.99                    
313331500       20100603   5190                6.03                    
313331500       20110623   4550                5.56                    
313331500       20120426   3720                5.09                    
313331500       20130514   3170                4.78                    
313331500       20140525   2910                4.622                   
313331500       20150524   1800                3.832                   
313331500       20160509   2600                4.42                    
313331500       20170601   3690                5.07                    
313331500       20180526   3820                5.14                    
