Z13340000                       USGS 
H13340000       4628421161527001616035SW170603065507           990.80           
N13340000       CLEARWATER RIVER AT OROFINO ID
Y13340000       
313340000       19310517  38600               16.113                   
313340000       19320514  73400               20.163                   
313340000       19330610  81500               20.873                   
313340000       19331223  46500               17.503                   
313340000       19350524  42900               16.943                   
313340000       19360515  66800               19.563                   
313340000       19370520  33800               15.873                   
313340000       19380419  72300               20.063                   
313340000       19650421  520001                                       
313340000       19660507  42900               12.95                    
313340000       19670523  66600               16.24                    
313340000       19680603  42600               12.94                    
313340000       19690520  48500               13.72                    
313340000       19700606  68400               16.44                    
313340000       19710529  69500               16.60                    
313340000       19720602  87300               18.84                    
313340000       19730518  36100               11.79                    
313340000       19740616  85800               18.51                    
313340000       19750603  67000               16.25                    
313340000       19760511  72200               16.80                    
313340000       19770502  31100               10.84                    
313340000       19780607  51400               13.95                    
313340000       19790524  56200               14.64                    
313340000       19800526  40200               12.35                    
313340000       19810619  46900               13.32                    
313340000       19820617  60900               15.29                    
313340000       19830530  50800               14.07                    
313340000       19840531  71200               16.71                    
313340000       19850525  49100               13.70                    
313340000       19860530  59700               15.08                    
313340000       19870501  42200               12.59                    
313340000       19880418  38700               11.98                    
313340000       19890511  53600               13.84                    
313340000       19900529  53600               13.94                    
313340000       19910519  51300               13.66                    
313340000       19920501  30900               10.80                    
313340000       19930515  62800               15.01                    
313340000       19940423  39500               12.10                    
313340000       19950512  35700               11.52                    
313340000       19951130  80000               16.80                    
313340000       19970517  84700               17.95                    
313340000       19980508  43600               13.61                    
313340000       19990526  64600               15.71                    
313340000       20000523  37800               12.07                    
313340000       20010515  42000               12.72                    
313340000       20020531  53700               14.35                    
313340000       20030530  65000               15.81                    
313340000       20040528  49900               13.86                    
313340000       20050517  37500               12.03                    
313340000       20060520  60900               15.30                    
313340000       20061108  34600               11.56                    
313340000       20080519  74900               16.97                    
313340000       20090531  61200               15.34                    
313340000       20100605  66700               16.01                    
313340000       20110608  72600               16.71                    
313340000       20120427  62400               15.47                    
313340000       20130514  58600               15.01                    
313340000       20140524  60800               15.29                    
313340000       20150210  26700               10.17                    
313340000       20160423  42900               12.86                    
313340000       20170601  48600               13.68                    
