Z13340600                       USGS 
H13340600       4650261153716001616035SW170603071296           1660.            
N13340600       NF CLEARWATER RIVER NR CANYON RANGER STATION ID
Y13340600       
313340600       19670523  22000               15.28                    
313340600       19680603  13100               12.40                    
313340600       19690520  18100               13.98                    
313340600       19700607  20500               14.53                    
313340600       19710513  25400               15.82                    
313340600       19720601  31800               17.04                    
313340600       19730518  10300               11.31                    
313340600       19740616  32300               16.60                    
313340600       19750516  21600               14.40                    
313340600       19760511  28200               15.77                    
313340600       19770502   9940               10.78                    
313340600       19771202  18100               13.42                    
313340600       19790506  21100               14.42                    
313340600       19800429  15300               12.81                    
313340600       19801226  18100               13.57                    
313340600       19820526  20600               14.14                    
313340600       19830530  16600               13.09                    
313340600       19840531  22300               14.34                    
313340600       19850525  19500               13.56                    
313340600       19860530  16500               12.87                    
313340600       19870501  17600               13.15                    
313340600       19880417  14200               12.21                    
313340600       19890507  18600               13.33                    
313340600       19900424  14800               12.46                    
313340600       19910519  21200               14.07                    
313340600       19920430  12400               11.65                    
313340600       19930515  19600               13.69                    
313340600       19940422  12900               11.81                    
313340600       19950220  13900               12.09                    
313340600       19951130  37500               17.58                    
313340600       19970517  36200               17.35                    
313340600       19980508  14300               12.33                    
313340600       19990526  24100               14.87                    
313340600       20000414  14900               12.50                    
313340600       20010515  13100               11.98                    
313340600       20020414  23600               14.75                    
313340600       20030201  24100               14.86                    
313340600       20040529  17100               13.12                    
313340600       20050517  12100               11.64                    
313340600       20060520  20400               13.96                    
313340600       20061107  16600               12.99                    
313340600       20080519  28400               15.78                    
313340600       20090531  17700               13.27                    
313340600       20100603  15500               12.68                    
313340600       20110516  24200               14.87                    
313340600       20120425  24800               15.01                    
313340600       20130514  20500               13.98                    
313340600       20140524  19100               13.64                    
313340600       20150210  16100               12.83                    
313340600       20160423  17800               13.28                    
313340600       20170319  26800               15.45                    
