Z14020000                       USGS 
H14020000       4543111181920004141059SW17070103131            1854.81          
N14020000       UMATILLA RIVER ABOVE MEACHAM CREEK, NR GIBBON, OR
Y14020000       
314020000       19330427   1500                2.293                   
314020000       19331222   1930                2.823                   
314020000       19350416   1300                2.243                   
314020000       19360412   2120                2.953                   
314020000       19370415   1620                2.473                   
314020000       19380418   1620                2.473                   
314020000       19390322   2010                2.8036                   
314020000       19400327   1450                5.23                    
314020000       19401129   1360                5.08                    
314020000       19420626   1530                5.36                    
314020000       19430212   1630                5.22                    
314020000       19440309   2020                5.65                    
314020000       19450208   1570                5.23                    
314020000       19451228   3450                7.86                    
314020000       19461212   4320                8.84                    
314020000       19480522   3380                6.88                    
314020000       19490319   1810                5.48                    
314020000       19500608   2070                6.10                    
314020000       19510212   1750                5.41                    
314020000       19520407   1980                5.80                    
314020000       19530118   2190                6.27                    
314020000       19531220   1380                5.10                    
314020000       19550519   1320                5.01                    
314020000       19551222   2360                6.50                    
314020000       19561211   2830                6.73                    
314020000       19580420   3380                7.78                    
314020000       19581211   2670                6.89                    
314020000       19591123   1060                4.51                    
314020000       19610222   1780                5.68                    
314020000       19620108   1550                5.08                    
314020000       19630204   1360                4.87                    
314020000       19640401   1400                5.02                    
314020000       19650129   4910                9.50                    
314020000       19660402    756                4.21                    
314020000       19661213   1520                5.43                    
314020000       19671226   3820                7.55                    
314020000       19690106   3540                7.32                    
314020000       19700124   2490                6.43                    
314020000       19710119   1990                5.78                    
314020000       19720313   2890                6.80                    
314020000       19721224   1190                4.84                    
314020000       19740507   2090                5.94                    
314020000       19750125   5930                9.18                    
314020000       19751207   3890                7.61                    
314020000       19770407   1270                4.982                   
314020000       19771202   2730                6.58                    
314020000       19790213   2220                6.07                    
314020000       19800114   1070                4.77                    
314020000       19810216   3710                7.46                    
314020000       19820220   3090                6.93                    
314020000       19830107   16001                                       
314020000       19840124   2770                6.62                    
314020000       19850410   1590                5.64                    
314020000       19860223   4560                8.10                    
314020000       19870306    964                4.62                    
314020000       19880421   1020                4.72                    
314020000       19890311   1970                5.76                    
314020000       19900428   1350                5.18                    
314020000       19910519   3300                7.02                    
314020000       19911207   1630                5.40                    
314020000       19930504   3130                6.87                    
314020000       19940302   1470                5.23                    
314020000       19950202   3110                6.85                    
314020000       19951128   6220                9.40                    
314020000       19970101   5230                8.76                    
314020000       19980323   1320                5.46                    
314020000       19981230   2230                6.46                    
314020000       19991126   1200                5.38                    
314020000       20010427    978                5.08                    
314020000       20020414   3500                7.52                    
314020000       20030130   2360                6.56                    
314020000       20040129   1980                6.19                    
314020000       20050328   1650                5.83                    
314020000       20060406   2030                6.24                    
314020000       20070216   1370                5.59                    
314020000       20080518   2170                6.40                    
314020000       20090505   2440                6.65                    
314020000       20100603   2040                6.29                    
314020000       20110116   3830                7.71                    
314020000       20120222   1650                5.87                    
314020000       20130420   4720                8.28                    
314020000       20140310   4160                7.93                    
314020000       20150210   2450                6.66                    
314020000       20160215   1890                6.14                    
314020000       20170316   4000                7.83                    
314020000       20180204   3680                7.61                    
