Z14092750                       USGS 
H14092750       4445021213756004141031SW1707030622.9           3580             
N14092750       SHITIKE CRK AT PETERS PASTURE, NR WARM SPRINGS, OR
Y14092750       
314092750       19830106    500                2.67                    
314092750       19840213    376                2.352                   
314092750       19850607    605                2.94                    
314092750       19860223    892                3.65                    
314092750       19861127    310                2.18                    
314092750       19871210    799                3.49                    
314092750       19881122    295                2.172                   
314092750       19900427    660                3.08                    
314092750       19910115    260                                        
314092750       19911125    415                2.45                    
314092750       19930323    480                2.61                    
314092750       19940103    18518                                      
314092750       19950201   1110                3.92                    
314092750       19960207   2430                6.562                   
314092750       19970101   1100                4.14                    
314092750       19971030    976                3.80                    
314092750       19981228    582                2.842                   
314092750       19991126   1940                5.78                    
314092750       20010516    297                2.07                    
314092750       20020414    845                3.49                    
314092750       20030130    862                3.53                    
314092750       20031213    288                2.04                    
314092750       20050327    413                2.50                    
314092750       20060111   1090                4.07                    
314092750       20061214   1040                3.95                    
314092750       20071204    666                3.10                    
314092750       20081113    622                3.00                    
314092750       20100603    652                3.07                    
314092750       20110116   1290                4.49                    
314092750       20111230   1370                4.66                    
314092750       20121205   1100                4.09                    
314092750       20140309    913                3.66                    
314092750       20141221   1450                4.83                    
314092750       20151207   1080                4.05                    
314092750       20170318    597                2.94                    
314092750       20171022   1250                4.36                    
