Z14096850                       USGS 
H14096850       4457321212335004141065SW17070306145            2260             
N14096850       BEAVER CREEK BELOW QUARTZ CREEK, NR SIMNASHO, OR
Y14096850       
314096850       19840124   1150                5.19                    
314096850       19850224    296                3.34                    
314096850       19860223   3460                7.96                    
314096850       19870213    299                3.35                    
314096850       19880209    958                4.78                    
314096850       19890110    626                4.18                    
314096850       19900428    342                3.48                    
314096850       19910304    192                2.96                    
314096850       19920222    299                3.35                    
314096850       19930317    879                4.65                    
314096850       19940304   83.0                2.442                   
314096850       19950217   1650                5.71                    
314096850       19960207   5760               10.573                   
314096850       19970101   2750                7.50                    
314096850       19980221    594                4.19                    
314096850       19981228   1270                5.49                    
314096850       20000227    448                3.84                    
314096850       20010329   77.0                2.47                    
314096850       20020107    483                3.93                    
314096850       20030130    367                3.62                    
314096850       20040129   1160                5.30                    
314096850       20050328   92.0                2.62                    
314096850       20051231   2170                6.79                    
314096850       20070103   1270                5.49                    
314096850       20080210    349                3.57                    
314096850       20090102    692                4.41                    
314096850       20100118    234                3.21                    
314096850       20110117   1040                5.09                    
314096850       20120330   1270                5.49                    
314096850       20130108    260                3.30                    
314096850       20140219    967                5.00                    
314096850       20150118    819                4.73                    
314096850       20160129    381                3.72                    
314096850       20170220    681                4.41                    
314096850       20180408    134                2.80                    
314096850       20190408   1520                5.88                    
