Z14138800                       USGS 
H14138800       4527101215325004141005SW170800018.17           2540             
N14138800       BLAZED ALDER CREEK NEAR RHODODENDRON, OR
Y14138800       
314138800       19631107   1300                5.54                    
314138800       19641222   2610                8.25                    
314138800       19660114    465                3.452                   
314138800       19661213    722                4.19                    
314138800       19680219   1140                5.25                    
314138800       19681108   1220                5.43                    
314138800       19700118   1050                5.04                    
314138800       19710119   1020                4.98                    
314138800       19720121   1720                6.53                    
314138800       19721221   1230                5.26                    
314138800       19740115   1310                5.47                    
314138800       19741220   1260                5.48                    
314138800       19751201   1380                5.73                    
314138800       19770327    219                2.93                    
314138800       19771202   1830                6.71                    
314138800       19790207   1030                4.93                    
314138800       19791204    739                4.18                    
314138800       19801225   1200                5.33                    
314138800       19820123   1210                5.35                    
314138800       19830106   1150                5.22                    
314138800       19840103    847                4.52                    
314138800       19841103    885                4.57                    
314138800       19860223   1660                6.35                    
314138800       19870201    613                3.83                    
314138800       19871210   1030                4.93                    
314138800       19890109   1180                5.29                    
314138800       19891204    985                4.83                    
314138800       19910115   1250                5.47                    
314138800       19911125    828                4.43                    
314138800       19921121    976                4.81                    
314138800       19940102    739                4.19                    
314138800       19941031   1250                5.46                    
314138800       19960207   2020                7.05                    
314138800       19970131    847                4.48                    
314138800       19971030   1010                4.90                    
314138800       19981228   1420                5.85                    
314138800       19991125   2000                7.03                    
314138800       20010430    499                3.48                    
314138800       20020414   1100                5.20                    
314138800       20030131    767                4.44                    
314138800       20040129   1190                5.35                    
314138800       20050118    755                4.36                    
314138800       20060110    904                4.72                    
314138800       20061107   1560                6.14                    
314138800       20071203    779                4.30                    
314138800       20081112   1520                6.05                    
314138800       20100105    586                3.75                    
314138800       20110116   1880                6.78                    
314138800       20111228   1080                5.06                    
314138800       20121029    572                3.71                    
314138800       20131201   1760                6.54                    
314138800       20141221   1320                5.63                    
314138800       20151117   1160                5.26                    
314138800       20161220    714                4.13                    
314138800       20171022   1330R               5.65R                   
314138800       20190408    828                4.43                    
