Z14139800                       USGS 
H14139800       4526411220630004141005SW1708000115.7           990              
N14139800       SOUTH FORK BULL RUN RIVER NEAR BULL RUN, OR
Y14139800       
314139800       19750125   2350                8.28                    
314139800       19751201   1750                7.38                    
314139800       19770327    449                4.81                    
314139800       19771202   2520                8.32                    
314139800       19790207   1710                7.052                   
314139800       19791202    994                6.11                    
314139800       19801225   1750                7.44                    
314139800       19820123   2440                8.26                    
314139800       19830106   1840                7.55                    
314139800       19840124   1360                6.59                    
314139800       19841103   1070                6.16                    
314139800       19860223   2050                7.40                    
314139800       19870201   1110                6.15                    
314139800       19871210   1870                7.19                    
314139800       19890109   3480                8.85                    
314139800       19900427   1720                7.00                    
314139800       19910115   2390                7.78                    
314139800       19911206   1670                6.942                   
314139800       19921121   1340                6.54                    
314139800       19940223   1370                6.57                    
314139800       19941027   1900                7.22                    
314139800       19960207   3630                9.543                   
314139800       19961225   2140                7.70                    
314139800       19971030   1590                6.93                    
314139800       19981228   2180                7.77                    
314139800       19991125   3560                9.46                    
314139800       20010319    795                5.81                    
314139800       20020414   1680                7.10                    
314139800       20030307   1670                7.85                    
314139800       20040129   2430                8.86                    
314139800       20050118    711                6.13                    
314139800       20051230   1350                7.35                    
314139800       20061107   3440                9.37                    
314139800       20071223   1430                7.04                    
314139800       20090102   3330                9.26                    
314139800       20100105    880                6.20                    
314139800       20110116   3760                9.68                    
314139800       20111230   2000                7.80                    
314139800       20121029   1140                6.62                    
314139800       20131202   2580                8.47                    
314139800       20141221   1300                7.01                    
314139800       20151207   1870                7.77                    
314139800       20170309   1160                6.78                    
314139800       20171022   2250                8.21                    
314139800       20190408   1630                7.47                    
