Z14138870                       USGS 
H14138870       4528491220128004141051SW170800015.46           1480             
N14138870       FIR CREEK NEAR BRIGHTWOOD, OR
Y14138870       
314138870       19751201    624                4.81                    
314138870       19770327    161                3.55                    
314138870       19771202   1290                5.64                    
314138870       19790207    578                4.73                    
314138870       19791204    391                4.40                    
314138870       19801225    583                4.74                    
314138870       19820123    860                5.16                    
314138870       19830106    550                4.68                    
314138870       19840124    409                4.39                    
314138870       19850607    384                4.33                    
314138870       19860223   1060                5.40                    
314138870       19870131    372                4.30                    
314138870       19871209    479                4.54                    
314138870       19890109    584                4.74                    
314138870       19891204    687                4.91                    
314138870       19910115    696                4.93                    
314138870       19911125    613                4.73                    
314138870       19921121    514                4.61                    
314138870       19931201    297                4.01                    
314138870       19941130    573                4.72                    
314138870       19960207    820                5.10                    
314138870       19961119    423                4.28                    
314138870       19971030    413                4.37                    
314138870       19981228    579                4.73                    
314138870       19991125   1690                5.01                    
314138870       20010430    272                3.36                    
314138870       20011213    409                3.63                    
314138870       20030131    532                3.85                    
314138870       20040129    692                4.09                    
314138870       20050118    303                3.39                    
314138870       20051222    436                3.68                    
314138870       20061107    833                4.27                    
314138870       20071223    391                3.602                   
314138870       20081112   1200                4.65                    
314138870       20100602    280                3.31                    
314138870       20110116   1020                4.48                    
314138870       20120119    524                3.84                    
314138870       20121029    359                3.52                    
314138870       20131202    923                4.38                    
314138870       20141220    378                3.56                    
314138870       20151207    612                3.98                    
314138870       20170309    446                3.70                    
314138870       20171022    674                4.07                    
314138870       20190408    411                3.63                    
