Z14137000                       USGS 
H14137000       4523591220810004141005SW17080001264            0.00             
N14137000       SANDY RIVER NEAR MARMOT, OR
Y14137000       
314137000       19120113  14800                9.253                   
314137000       19130329  15200                9.403                   
314137000       19131007   7380                6.843                   
314137000       19141113   4000                5.003                   
314137000       19151221  20100                                        
314137000       19161127   7790                                        
314137000       19171218  22800               15.303                   
314137000       19190122  10000                9.053                   
314137000       19191104  12500                                        
314137000       19210102  15800               13.053                   
314137000       19211120  25600                                        
314137000       19230106  29200               17.503                   
314137000       19231206  12400                                        
314137000       19241121  11600               10.483                   
314137000       19260206   9300                9.503                   
314137000       19261129   9960                9.803                   
314137000       19271125  15600               12.203                   
314137000       19290321   7700                8.703                   
314137000       19300201  10100                                        
314137000       19310331  26600               16.503                   
314137000       19320318  12900               11.103                   
314137000       19330609   9870                9.3036                   
314137000       19331222  19300               13.803                   
314137000       19341220  13400               10.85                    
314137000       19360104  12400               11.10                    
314137000       19370414   8860                9.10                    
314137000       19371230  15500               12.16                    
314137000       19390215   8860                9.08                    
314137000       19400206   7580                8.44                    
314137000       19401129   9100                9.12                    
314137000       19411202   6240                7.59                    
314137000       19421123  19400               13.85                    
314137000       19431104   6830                8.03                    
314137000       19450213  10200                9.991                   
314137000       19451228  22400               15.23                    
314137000       19461215  21200               14.79                    
314137000       19480107  19300               14.08                    
314137000       19490501  11800               11.08                    
314137000       19500224  14000               12.02                    
314137000       19510114   7600                9.20                    
314137000       19511023   9120                9.92                    
314137000       19530118  19600               14.21                    
314137000       19531122  13300               11.86                    
314137000       19541230  12600               11.60                    
314137000       19551126  23700               15.72                    
314137000       19561211  20200               14.43                    
314137000       19580420  19900               14.3136                   
314137000       19581211  15100                9.473                   
314137000       19591022   8800               10.12                    
314137000       19601124  27500               11.70                    
314137000       19620406  15600                9.19                    
314137000       19621120  24400               11.07                    
314137000       19640125  11500                8.72                    
314137000       19641222  61400               17.05                    
314137000       19660114   5750                9.66                    
314137000       19670128   7360               10.43                    
314137000       19680219  13000               12.03                    
314137000       19681108  21400               14.26                    
314137000       19700118  17000               13.43                    
314137000       19710119  19900               14.02                    
314137000       19720120  36200               16.88                    
314137000       19721221  18300               13.86                    
314137000       19740115  19200               14.04                    
314137000       19750125  23600               14.94                    
314137000       19751204  22900               14.83                    
314137000       19770407   3280                9.40                    
314137000       19771202  34500               16.68                    
314137000       19790207  14800               13.34                    
314137000       19800114  12000               12.66                    
314137000       19801225  24100               15.18                    
314137000       19820220  20900               14.59                    
314137000       19830106  22000               14.82                    
314137000       19840103  12500               12.80                    
314137000       19841103  11700               12.59                    
314137000       19860223  37800               17.10                    
314137000       19870131   8110               11.48                    
314137000       19871210  16100               13.61                    
314137000       19890109  20900               14.53                    
314137000       19900427  19400               14.25                    
314137000       19910115  13100               12.87                    
314137000       19911206  15000               13.33                    
314137000       19921121  12500               12.77                    
314137000       19940102   7790               11.40                    
314137000       19941031  25400               15.32                    
314137000       19960207  48100               20.40                    
314137000       19961225  13900               14.0736                   
314137000       19971030  10600              736.28                    
314137000       19981228  19800              738.37                    
314137000       19991125  34400              740.01                    
314137000       20010430   5230              734.06                    
314137000       20020414  10900              736.16                    
314137000       20030131  13200              692.35                    
314137000       20040129  12600                                        
314137000       20050327   5560                                        
314137000       20060111  13400                                        
314137000       20061107  18600                                        
314137000       20071203   8160                                        
314137000       20090102  300002             701.30                    
314137000       20100602   7650              695.95                    
314137000       20110116  39000              700.20                    
314137000       20111230  19200              697.50                    
314137000       20121029   7800              694.85                    
314137000       20131202  22800              698.09                    
314137000       20141221  19600              697.75                    
314137000       20151207  19000              697.64                    
314137000       20170309  10300              695.85                    
314137000       20171022  26000              698.83                    
314137000       20190408  14700              696.77                    
