Z14141500                       USGS 
H14141500       4524561221013004141005SW1708000123.1           720              
N14141500       LITTLE SANDY RIVER NEAR BULL RUN, OR
Y14141500       
314141500       19130330   52007               9.006                   
314141500       19191104   2960                7.30                    
314141500       19210102   2840                7.20                    
314141500       19211120   5320                9.18                    
314141500       19230105   4830                8.60                    
314141500       19231228   1410                5.80                    
314141500       19241121   1820                6.33                    
314141500       19260224   1550                6.00                    
314141500       19270911   1520                5.95                    
314141500       19271125   2020                6.60                    
314141500       19290321   1780                6.25                    
314141500       19300201   1930                6.45                    
314141500       19310331   4510                8.406                   
314141500       19320318   2380                6.90                    
314141500       19321116   1530                5.95                    
314141500       19331206   3000                7.50                    
314141500       19341220   2480                7.00                    
314141500       19360102   1920                6.39                    
314141500       19370414   1370                5.77                    
314141500       19371229   2280                6.80                    
314141500       19390215   1610                6.03                    
314141500       19400206   1130                5.43                    
314141500       19401129   1860                6.33                    
314141500       19411202   1160                5.47                    
314141500       19421123   3050                8.00                    
314141500       19431202   1000                5.55                    
314141500       19450213   1720                6.54                    
314141500       19451228   2940                7.45                    
314141500       19461211   3040                7.30                    
314141500       19471107   2520                6.85                    
314141500       19490501   1700                6.00                    
314141500       19500224   1900                                        
314141500       19510113   1360                5.70                    
314141500       19511023   1550                5.94                    
314141500       19530117   2820                6.86                    
314141500       19531122   2270                6.36                    
314141500       19541230   2280                6.37                    
314141500       19551126   4730                8.881                   
314141500       19561211   2800                6.28                    
314141500       19580420   2780                6.26                    
314141500       19590926   2830                6.30                    
314141500       19591022   3000                6.43                    
314141500       19601124   2690                6.19                    
314141500       19620107   1660                5.75                    
314141500       19621120   2230                6.34                    
314141500       19631108   1910                6.01                    
314141500       19641222   5020                9.01                    
314141500       19660114   1160                5.52                    
314141500       19670113   2030                6.59                    
314141500       19680219   2020                5.5626                   
314141500       19681108   2590                6.01                    
314141500       19700118   1990                5.48                    
314141500       19710119   2040                5.53                    
314141500       19720121   3520                6.636                   
314141500       19721221   2830                6.08                    
314141500       19740115   2590                5.95                    
314141500       19741220   3390                6.54                    
314141500       19751207   2010                5.44                    
314141500       19770517    703                3.87                    
314141500       19771125   2710                6.05                    
314141500       19790207   20802                                       
314141500       19800113   1390                4.78                    
314141500       19801225   1940                5.37                    
314141500       19820220   2320                5.72                    
314141500       19830106   1950                5.38                    
314141500       19840124   1750                5.20                    
314141500       19850607   1060                4.46                    
314141500       19860223   3920                6.89                    
314141500       19870201   1100                4.49                    
314141500       19871210   2090                5.55                    
314141500       19890109   2530                5.92                    
314141500       19900427   2070                5.53                    
314141500       19910115   1970                5.44                    
314141500       19911105   1850                5.33                    
314141500       19921121   1670                5.15                    
314141500       19940224   1380                4.84                    
314141500       19941027   2060                5.52                    
314141500       19951128   4820                7.422                   
314141500       19961225   1950                6.00                    
314141500       19971030   1180                4.99                    
314141500       19981227   1920                5.39                    
314141500       19991125   5130                7.59                    
314141500       20001001    870                4.51                    
314141500       20020414   1590                5.55                    
314141500       20030131   1550                5.50                    
314141500       20040129   2030                6.10                    
314141500       20050118    945                4.58                    
314141500       20051230   1660                5.63                    
314141500       20061107   2640                6.75                    
314141500       20071223   1530                5.13                    
314141500       20090102   4160                7.44                    
314141500       20100105    898                4.50                    
314141500       20110116   3280                7.39                    
314141500       20120222   1630                5.59                    
314141500       20130130   1390                4.83                    
314141500       20131202   2180                5.78                    
314141500       20141221   1460                4.91                    
314141500       20151207   1780                5.31                    
314141500       20170309   1220                4.59                    
314141500       20171022   2170                5.79                    
314141500       20190408   1740                5.18                    
