Z14158500                       USGS 
H14158500       4421401215940004141043SW1709000492.40          3015.32          
N14158500       MCKENZIE RIVER AT OUTLET OF CLEAR LAKE, OR
Y14158500       
314158500       19130527   1130               10.693                   
314158500       19140416    902               10.133                   
314158500       19150404    645                9.5036                   
314158500       19480107   2320                6.75                    
314158500       19490502   1580                5.35                    
314158500       19500612   1400                4.96                    
314158500       19501102   1850                5.90                    
314158500       19520528   1090                4.17                    
314158500       19530118   2600                7.21                    
314158500       19531220   1640                5.49                    
314158500       19550611   1360                4.88                    
314158500       19551222   2970                7.66                    
314158500       19561212   1600                5.29                    
314158500       19580216   1420                4.83                    
314158500       19581212   1160                5.22                    
314158500       19600407   1550                5.24                    
314158500       19610211   2230                6.47                    
314158500       19620409   1070                4.35                    
314158500       19621202    974                4.01                    
314158500       19640520   1020                4.13                    
314158500       19641223   3300                8.15                    
314158500       19660510   1090                4.931                   
314158500       19670523    878                5.131                   
314158500       19680223   1780                5.69                    
314158500       19690519   1190                4.63                    
314158500       19700123   2000                6.08                    
314158500       19710118   1700                5.55                    
314158500       19720313   1660                5.62                    
314158500       19721224    969                3.98                    
314158500       19740116   2470                6.87                    
314158500       19741220   1840                6.09                    
314158500       19751204   1320                4.941                   
314158500       19770503    576                2.90                    
314158500       19771214   2140                6.32                    
314158500       19790506    849                3.67                    
314158500       19800114   1670                5.49                    
314158500       19801225   1740                5.61                    
314158500       19820221   2200                6.43                    
314158500       19821204   1210                4.62                    
314158500       19831215   1170                4.53                    
314158500       19841112   1060                4.28                    
314158500       19860223   2090                6.43                    
314158500       19861128   1030                4.14                    
314158500       19871210    883                3.79                    
314158500       19890420   1020                4.13                    
314158500       19900428   1600                5.40                    
314158500       19910115    703                3.29                    
314158500       19911207   1230                4.64                    
314158500       19930323   1500                5.19                    
314158500       19940112    580                2.91                    
314158500       19950201   1650                5.51                    
314158500       19960207   2600                7.01                    
314158500       19970101   2330                6.50                    
314158500       19980117   1170                4.40                    
314158500       19990525   1280                4.69                    
314158500       19991126   2040                6.05                    
314158500       20010402    544                2.77                    
314158500       20020414   1740                5.52                    
314158500       20030131   1460                5.00                    
314158500       20040130   1070                4.12                    
314158500       20050404    574                2.79                    
314158500       20060111   1970                5.93                    
314158500       20061215   1430                4.94                    
314158500       20080521   1460                5.00                    
314158500       20090108   1450                4.98                    
314158500       20100604    907                3.86                    
314158500       20110117   2190                6.29                    
314158500       20120501   1360                4.792                   
314158500       20121205   1860                5.74                    
314158500       20140310   1680                5.42                    
314158500       20141222   1870                5.77                    
314158500       20151218   1230                4.53                    
314158500       20170330   1270                4.61                    
314158500       20171124   1220                4.50                    
314158500       20190408   1990                5.95                    
