Z14154500                       USGS 
H14154500       4344101225220004141039SW17090002211            856.16           
N14154500       ROW RIVER ABOVE PITCHER CREEK, NEAR DORENA, OR
Y14154500       
314154500       19360113  13000               12.003                   
314154500       19370413  15000               12.853                   
314154500       19380318  11600               11.403                   
314154500       19390312   7900                9.806                   
314154500       19400228   4980                8.56                    
314154500       19401227   4150                8.11                    
314154500       19411115  16600               13.19                    
314154500       19421230  18500               14.00                    
314154500       19431104   7160                9.78                    
314154500       19450213   5400                8.92                    
314154500       19451228  19600               14.33                    
314154500       19461214  10200               11.02                    
314154500       19480106  12700               12.00                    
314154500       19481212  14300               12.56                    
314154500       19500122   7330                9.86                    
314154500       19501028  16700               13.41                    
314154500       19520324  12000               11.48                    
314154500       19530118  16200               12.83                    
314154500       19531123  18100               13.34                    
314154500       19541230   7100                9.47                    
314154500       19551222  19200               13.62                    
314154500       19561211  15300               12.44                    
314154500       19580216  11400               11.10                    
314154500       19590127   7700                9.59                    
314154500       19600208   6220                8.86                    
314154500       19610210  14700               12.26                    
314154500       19611123  13800               11.95                    
314154500       19630201   8560                9.98                    
314154500       19640119  11900               11.28                    
314154500       19641222  33100               18.19                    
314154500       19660106  12400               11.29                    
314154500       19670128   8550                9.82                    
314154500       19680223   5860                8.68                    
314154500       19681109  10400               10.54                    
314154500       19691221  12000               11.18                    
314154500       19710117  17400               12.98                    
314154500       19720121  17500               13.00                    
314154500       19721217   3940                7.51                    
314154500       19740115  16800               12.75                    
314154500       19750105   7210                9.27                    
314154500       19760108  21000               14.20                    
314154500       19770517   2410                6.38                    
314154500       19771125  10900               10.78                    
314154500       19790207  13100               11.55                    
314154500       19800113   9920               10.39                    
314154500       19801202  12200               11.23                    
314154500       19811206  24000               15.22                    
314154500       19830218  11700               11.07                    
314154500       19840213  16000               12.58                    
314154500       19841130  11400               10.90                    
314154500       19860223  14600               12.10                    
314154500       19861128   8630                9.81                    
314154500       19880110  10500               10.54                    
314154500       19890110  18500               13.35                    
314154500       19900107  10800               10.67                    
314154500       19910304   5730                8.48                    
314154500       19911206   9050                9.98                    
314154500       19930120   7980                9.54                    
314154500       19940103   2380                6.37                    
314154500       19950113  13200               11.58                    
314154500       19960209  10600               10.58                    
314154500       19961118  30100               17.25                    
314154500       19971030   5740                8.48                    
314154500       19981121  15100               12.28                    
314154500       20000111  13000               11.51                    
314154500       20010516   3040                6.75                    
314154500       20011214   9570               10.19                    
314154500       20021230   5370                8.27                    
314154500       20031213  14200               11.98                    
314154500       20041209  10800               10.68                    
314154500       20051230  16600               12.76                    
314154500       20070103   8120                9.60                    
314154500       20071224   6610                8.92                    
314154500       20081229  15400               12.38                    
314154500       20100604   6140                8.69                    
314154500       20110116  12200               11.22                    
314154500       20120321  12600               11.36                    
314154500       20121120  14900               12.21                    
314154500       20140214   9870               10.31                    
314154500       20141221  14900               12.21                    
314154500       20151217  10900               10.72                    
314154500       20161215  10600               10.59                    
314154500       20171022   4680                7.89                    
314154500       20190408  135002              11.68                    
