Z14158790                       USGS 
H14158790       4420051220245004141043SW1709000415.6           2610.00          
N14158790       SMITH RIVER ABV SMITH R RESV,NR BELKNAP SPRNGS,OR
Y14158790       
314158790       19601124   1720                6.383                   
314158790       19611122    832                5.59                    
314158790       19630203   1400                6.15                    
314158790       19631108    904                5.6836                   
314158790       19641212   5160               11.90                    
314158790       19660106   1310                8.64                    
314158790       19670128    680                7.74                    
314158790       19680223    925                8.15                    
314158790       19681108    911                8.13                    
314158790       19691221    818                7.99                    
314158790       19701124    981                8.23                    
314158790       19720121   1200                8.53                    
314158790       19721221    635                7.65                    
314158790       19740115   1030                8.30                    
314158790       19741220    793                7.94                    
314158790       19751204    781                7.92                    
314158790       19770407    289                6.77                    
314158790       19771125   2000                9.38                    
314158790       19781204    986                7.83                    
314158790       19800112   1070                7.92                    
314158790       19801225   1300                8.15                    
314158790       19820220   1290                8.14                    
314158790       19821204   1000                7.85                    
314158790       19840213   1120                7.97                    
314158790       19841102   1060                7.91                    
314158790       19860223   1430                8.27                    
314158790       19861127    789                7.60                    
314158790       19871210   2010                8.76                    
314158790       19881122   1250                8.06                    
314158790       19900427   1590                8.39                    
314158790       19901125    860                7.58                    
314158790       19911126   1250                8.06                    
314158790       19930317   1060                7.84                    
314158790       19940330    705                7.41                    
314158790       19950131   1230                8.03                    
314158790       19960207   2960                9.48                    
314158790       19961119   1930                8.72                    
314158790       19980117   1070                7.85                    
314158790       19981121   1090                7.87                    
314158790       19991126   2150                9.30                    
314158790       20010430    345                7.30                    
314158790       20020414   1300                8.64                    
314158790       20030130    937                8.26                    
314158790       20031213   1180                8.52                    
314158790       20050327    971                8.30                    
314158790       20051231   1400                8.73                    
314158790       20061214   1280                8.62                    
314158790       20071203   1130                8.47                    
314158790       20090102   1260                8.37                    
314158790       20100329    965                8.07                    
314158790       20110116   2470                9.24                    
314158790       20111230   1690                8.73                    
314158790       20121204   1710                8.74                    
314158790       20140214   1420                8.51                    
314158790       20141221   1680                8.72                    
314158790       20151218   1340                8.52                    
314158790       20170209    968                8.14                    
314158790       20171022   1250                8.43                    
314158790       20190408   1630                8.76                    
