Z14185900                       USGS 
H14185900       4432251222605004141043SW1709000699.2           1050             
N14185900       QUARTZVILLE CREEK NEAR CASCADIA, OR
Y14185900       
314185900       19631108  10800               12.46                    
314185900       19641222  36500                                        
314185900       19660106   6500                                        
314185900       19670128   6980               12.52                    
314185900       19671027   9450               13.75                    
314185900       19681204  10300               14.04                    
314185900       19700118   9330               13.33                    
314185900       19710119  12500               14.64                    
314185900       19720120  22400               16.38                    
314185900       19721221   9430               12.37                    
314185900       19740115  15000               14.32                    
314185900       19741220  11500               13.57                    
314185900       19760108  15800               14.56                    
314185900       19770308   30001                                       
314185900       19771213  17200               14.94                    
314185900       19790207  10500               12.71                    
314185900       19800112   9780               12.41                    
314185900       19801225  13800               13.90                    
314185900       19820214  12800               13.56                    
314185900       19821204   9340               12.23                    
314185900       19840213  11000               12.89                    
314185900       19841102   8270               11.76                    
314185900       19860223  16800               14.82                    
314185900       19861127   8270               11.76                    
314185900       19871210  11300               13.12                    
314185900       19890109  11400               13.16                    
314185900       19900107  10900               12.97                    
314185900       19910112   8550               12.02                    
314185900       19911206   8690               12.08                    
314185900       19921121  10600               12.84                    
314185900       19931201   5300               10.392                   
314185900       19950131  10100               12.67                    
314185900       19960207  28400               20.54                    
314185900       19961119  12800               13.89                    
314185900       19971030   8330               11.83                    
314185900       19981227  15200               14.95                    
314185900       19991125  15100               14.90                    
314185900       20010430   4410                9.74                    
314185900       20011213  11700               13.35                    
314185900       20030322   8230               11.78                    
314185900       20031213  11900               13.44                    
314185900       20050327   7540               11.41                    
314185900       20060110  12400               13.66                    
314185900       20061107  11700               13.37                    
314185900       20071203   8480               11.90                    
314185900       20090102  13900               14.37                    
314185900       20100602   5910               10.84                    
314185900       20110116  12400               13.66                    
314185900       20120119  13300               14.10                    
314185900       20130930   9280               12.28                    
314185900       20140212  11900               13.47                    
314185900       20141220  11800               13.40                    
314185900       20151217  11100               13.12                    
314185900       20170309  10500               12.85                    
314185900       20171022  12900               13.90                    
314185900       20190407  10900               13.03                    
