Z14185000                       USGS 
H14185000       4423311222947004141043SW17090006174            775              
N14185000       SOUTH SANTIAM RIVER BELOW CASCADIA, OR
Y14185000       
314185000       19360104   9200               11.453                   
314185000       19370414   9200               11.40                    
314185000       19380122  10700               12.31                    
314185000       19390215   5720                9.04                    
314185000       19400228   4550                8.04                    
314185000       19401129   4800                8.25                    
314185000       19411115   9220               11.41                    
314185000       19421231  17000               15.75                    
314185000       19431104   5850                9.10                    
314185000       19450213   8570               11.02                    
314185000       19451228  23400               18.65                    
314185000       19461214  13900               13.93                    
314185000       19480107  17600               15.87                    
314185000       19481212  12900               13.40                    
314185000       19500122  10000               11.71                    
314185000       19501102  15000               14.55                    
314185000       19511023   7750               10.28                    
314185000       19530118  17500               14.94                    
314185000       19531122  18900               15.63                    
314185000       19541230  11400               11.78                    
314185000       19551221  20900               16.64                    
314185000       19561211  26800               19.35                    
314185000       19571220  17800               15.12                    
314185000       19581119   9070               10.56                    
314185000       19591123   6880                9.36                    
314185000       19610210  18900               15.76                    
314185000       19611122  11400               12.00                    
314185000       19630203   8190               10.17                    
314185000       19631108  10100               11.34                    
314185000       19641222  27600               19.68                    
314185000       19660106  11800               12.25                    
314185000       19670128   7510                9.81                    
314185000       19680223   8500               10.38                    
314185000       19681109  16500               14.60                    
314185000       19700119   9780               11.18                    
314185000       19710118  15500               13.92                    
314185000       19720121  24500               17.69                    
314185000       19721221   5680                8.52                    
314185000       19740115  17600               14.92                    
314185000       19741220  12800               12.83                    
314185000       19760108  16000               14.26                    
314185000       19770308   2690                6.16                    
314185000       19771125  16400               14.43                    
314185000       19781204  13800               13.30                    
314185000       19800112  12600               12.72                    
314185000       19801203  10500               11.70                    
314185000       19811206  13100               12.97                    
314185000       19830107   9510               11.16                    
314185000       19840213  18000               15.09                    
314185000       19841102   9080               10.92                    
314185000       19860223  21600               16.45                    
314185000       19861127   7570                9.81                    
314185000       19871210  12400               12.18                    
314185000       19890109  14700               13.5136                   
314185000       19900427  21700               14.882                   
314185000       19901125   7280                8.69                    
314185000       19911206  10600               10.34                    
314185000       19921121   7750                8.93                    
314185000       19940224   6620                8.34                    
314185000       19950113  11800               10.89                    
314185000       19960207  31700               18.11                    
314185000       19961119  22500               15.18                    
314185000       19980117   6780                8.43                    
314185000       19981228  17400               13.20                    
314185000       19991125  28200               17.02                    
314185000       20010430   3330                6.41                    
314185000       20020414  11400               10.70                    
314185000       20030130  11000               10.49                    
314185000       20031213  13900               11.84                    
314185000       20050327   7400                8.75                    
314185000       20051231  14100               11.92                    
314185000       20070216   9540                9.81                    
314185000       20071224   7900                9.01                    
314185000       20090102  12100               11.04                    
314185000       20100329   7480                8.79                    
314185000       20110116  26900               16.58                    
314185000       20120119  16600               12.93                    
314185000       20121120  12400               11.17                    
314185000       20140212  11600               10.82                    
314185000       20141221  15400               12.47                    
314185000       20151218  11300               10.66                    
314185000       20170309  10300               10.19                    
314185000       20171022  10200               10.10                    
314185000       20190408  13500               12.31                    
