Z14187000                       USGS 
H14187000       4422211223719004141043SW1709000651.80          720              
N14187000       WILEY CREEK NEAR FOSTER, OR
Y14187000       
314187000       19480107   5410                7.523                   
314187000       19481212   4300                6.72                    
314187000       19500121   4000                6.891                   
314187000       19501029   3630                6.21                    
314187000       19511204   2060                4.82                    
314187000       19530118   4320                7.801                   
314187000       19531122   5200                7.37                    
314187000       19541230   2310                5.01                    
314187000       19551221   6290                8.421                   
314187000       19570226   3190                5.52                    
314187000       19571220   4820                7.771                   
314187000       19581119   2770                4.83                    
314187000       19600208   1650                3.88                    
314187000       19610210   6860                7.54                    
314187000       19611123   2660                4.51                    
314187000       19630330   2300                4.21                    
314187000       19640119   3480                5.16                    
314187000       19641222   8370                8.0025                   
314187000       19660106   4460                7.40                    
314187000       19670128   1890                5.12                    
314187000       19680223   1530                4.68                    
314187000       19681204   3130                6.32                    
314187000       19691221   2690                5.92                    
314187000       19710118   3690                6.79                    
314187000       19720121   9640                9.28                    
314187000       19721223   1340                4.5136                   
314187000       19890109   4470                7.54                    
314187000       19900427   3600                6.84                    
314187000       19910112   1300                4.50                    
314187000       19911126   1710                5.012                   
314187000       19930120   1610                4.89                    
314187000       19940224   1500                4.76                    
314187000       19950113   3120                6.42                    
314187000       19960207   7790               10.59                    
314187000       19961119   5390                8.79                    
314187000       19980114   1490                4.82                    
314187000       19981228   3650                7.23                    
314187000       19991126   3580                7.16                    
314187000       20010327    658                3.67                    
314187000       20011213   2300                5.82                    
314187000       20030201   1780                5.20                    
314187000       20031213   3720                7.30                    
314187000       20050327   1820                5.25                    
314187000       20051231   3530                7.11                    
314187000       20070103   2080                5.50                    
314187000       20071224   1860                5.22                    
314187000       20090102   2890                6.45                    
314187000       20100329   1740                5.05                    
314187000       20110116   2920                6.48                    
314187000       20120119   3990                7.55                    
314187000       20121120   3220                6.80                    
314187000       20140214   2390                5.88                    
314187000       20141221   2480                5.99                    
314187000       20151218   2940                6.37                    
314187000       20170309   2760                6.16                    
314187000       20171022   2520                5.87                    
314187000       20190408   35902                                       
