Z14182500                       USGS 
H14182500       4447301223440004141047SW17090005112            655.41           
N14182500       LITTLE NORTH SANTIAM RIVER NEAR MEHAMA, OR
Y14182500       
314182500       19320318  16200               12.46                    
314182500       19330608  11700               11.09                    
314182500       19331222  24600               14.70                    
314182500       19341024  10400               10.96                    
314182500       19360104  13200               11.80                    
314182500       19370414   8200               10.00                    
314182500       19371230  20200               13.70                    
314182500       19381202   8570               10.17                    
314182500       19400206   8200               10.00                    
314182500       19401129   8330               10.06                    
314182500       19411115   9300               10.50                    
314182500       19421123  25500               14.90                    
314182500       19431104   7990                9.90                    
314182500       19450208  13600               11.60                    
314182500       19451228  27000               15.20                    
314182500       19461213  18600               13.30                    
314182500       19480107  18100               13.00                    
314182500       19490501  10100               10.52                    
314182500       19500225   9780               10.40                    
314182500       19501102  12000               11.18                    
314182500       19511023   8240                9.80                    
314182500       19530118  16000               12.61                    
314182500       19531122  19300               13.10                    
314182500       19541230  14900               11.88                    
314182500       19560115  15900               12.16                    
314182500       19561211  15300               11.99                    
314182500       19571206  14200               11.65                    
314182500       19581119  11600               10.76                    
314182500       19591022   6740                8.83                    
314182500       19601124  19500               13.16                    
314182500       19611219  12700               11.16                    
314182500       19621120  22100               13.81                    
314182500       19631108  15000               11.76                    
314182500       19641222  36000               16.73                    
314182500       19660106   8020                9.77                    
314182500       19670127   7230                9.45                    
314182500       19671027  12300               11.24                    
314182500       19681109  13500               11.61                    
314182500       19700123   62001                                       
314182500       19710119  14900               12.04                    
314182500       19720121  21800               13.42                    
314182500       19721221  11800               11.09                    
314182500       19740115  14200               11.35                    
314182500       19741220  18600               12.51                    
314182500       19751201  16400               11.94                    
314182500       19770228   3180                6.96                    
314182500       19771125  20600               12.99                    
314182500       19790206  12700               10.89                    
314182500       19800112  10300               10.18                    
314182500       19801225  20800               13.04                    
314182500       19820214  15100               11.60                    
314182500       19830106  12700               10.92                    
314182500       19840213   9390                9.86                    
314182500       19841103   6430                8.72                    
314182500       19860223  20700               12.93                    
314182500       19870131   7800                9.28                    
314182500       19871210  10900               10.35                    
314182500       19890109  15000               11.52                    
314182500       19900427  11500               10.55                    
314182500       19901125  10400               10.19                    
314182500       19911206   8440                9.52                    
314182500       19921121  11800               10.62                    
314182500       19940103   8960                9.71                    
314182500       19941031  19000               12.48                    
314182500       19960207  33900               15.29                    
314182500       19970131  16400               11.99                    
314182500       19971030  11000               10.56                    
314182500       19981228  18700               12.52                    
314182500       19991126  28900               14.49                    
314182500       20010430   4670                8.08                    
314182500       20020414  12100               10.89                    
314182500       20030131   9900               10.20                    
314182500       20040129  12700               11.04                    
314182500       20041210   7550                9.35                    
314182500       20060110  12000               10.86                    
314182500       20061107  22300               13.26                    
314182500       20071223   8900                9.48                    
314182500       20090101  19500               12.60                    
314182500       20100602   8260                9.23                    
314182500       20110116  19800               12.67                    
314182500       20120119  16100               11.76                    
314182500       20121120   8640                9.38                    
314182500       20140212  14600               11.37                    
314182500       20141221  15200               11.55                    
314182500       20151118  12100               10.62                    
314182500       20170309  12100               10.61                    
314182500       20171022  17400               12.10                    
314182500       20190407  10400               10.01                    
