Z14216500                       USGS 
H14216500       4604331215951005353059SW17080002135            1032.90          
N14216500       MUDDY RIVER BELOW CLEAR CREEK NEAR COUGAR, WA
Y14216500       
314216500       19271125   7240                8.403                   
314216500       19281210   2780                4.783                   
314216500       19300220   4570                6.083                   
314216500       19310331   5000                6.403                   
314216500       19320226   5150                6.513                   
314216500       19321106   3620                5.403                   
314216500       19331221  175002              14.0035                   
314216500       19541119   4660                6.103                   
314216500       19551222   7550                7.523                   
314216500       19570226   7650                7.563                   
314216500       19580225   4220                5.843                   
314216500       19590112   5900                6.883                   
314216500       19600207   4660                6.133                   
314216500       19601124   5980                6.883                   
314216500       19611224   3350                5.333                   
314216500       19621120   6780                7.383                   
314216500       19640125   3340                5.173                   
314216500       19641223   7480                7.863                   
314216500       19660506   3850                5.423                   
314216500       19661213  11000                8.663                   
314216500       19680219   6710                6.823                   
314216500       19681111   5930                6.423                   
314216500       19700123   7770                7.333                   
314216500       19710119   6470                6.703                   
314216500       19720120  10100                8.373                   
314216500       19721221   9910                7.733                   
314216500       19831117   8110               24.28                    
314216500       19850607   4740               21.68                    
314216500       19860119   8700               24.10                    
314216500       19870303   8230               23.952                   
314216500       19871209  14700               26.20                    
314216500       19881122   4440               21.75                    
314216500       19900109  13700               26.752                   
314216500       19910405  11400               25.95                    
314216500       19920128   7190               23.65                    
314216500       19930323   7310               23.72                    
314216500       19940104   3870               21.32                    
314216500       19950131  12800               26.58                    
314216500       19960208  25000               33.26                    
314216500       19961231  14000               27.28                    
314216500       19971030   6870               22.98                    
314216500       19981125   8960               24.34                    
314216500       19991126   7490               23.40                    
314216500       20010430   2060               18.84                    
314216500       20020107  10300               25.81                    
314216500       20030131   9100               25.01                    
314216500       20040130   5460               22.30                    
314216500       20041211   4280               21.25                    
314216500       20060111   8170               24.37                    
314216500       20061106   9250               25.11                    
314216500       20071203   9820               25.48                    
314216500       20090108   7420               23.83                    
314216500       20091221   3690               20.68                    
314216500       20110116   7900               24.26                    
314216500       20111123   6020               22.00                    
314216500       20121119   8640               24.08                    
314216500       20140306   7280               23.33                    
314216500       20150208   4950               21.47                    
314216500       20151209  15700               28.61                    
314216500       20170315   7830               23.73                    
314216500       20171123   6710               22.90                    
314216500       20190409   3010                                        
