Z14222500                       USGS 
H14222500       4550131222754005353011SW17080002125            356.8            
N14222500       EAST FORK LEWIS RIVER NEAR HEISSON, WA
Y14222500       
314222500       19291214   6000                7.96                    
314222500       19310331  15500               12.20                    
314222500       19320305   8740                9.30                    
314222500       19330108   7860                8.90                    
314222500       19331222  15600               12.30                    
314222500       19341221  10500               10.18                    
314222500       19360112   7670                8.85                    
314222500       19361223   9260                9.56                    
314222500       19371229  11400               10.60                    
314222500       19390214   8450                9.22                    
314222500       19391215   7670                8.80                    
314222500       19401129   7670                8.81                    
314222500       19411219   9920                9.89                    
314222500       19421123  12800               11.17                    
314222500       19440206   4730                7.09                    
314222500       19450207   9710                9.76                    
314222500       19451127   9500                9.70                    
314222500       19461211  11900               10.84                    
314222500       19480107   7320                8.65                    
314222500       19490217  14000               11.72                    
314222500       19500224   8990                9.53                    
314222500       19501223   6690                8.31                    
314222500       19520204   7380                8.68                    
314222500       19530118   9350                9.67                    
314222500       19531209  12400               11.03                    
314222500       19541220   7930                9.06                    
314222500       19551211  10200               10.10                    
314222500       19570307   6860                8.52                    
314222500       19580420   6110                8.10                    
314222500       19581118   5960                8.01                    
314222500       19591011   5540                7.76                    
314222500       19601124  11900               10.83                    
314222500       19611122   7240                8.72                    
314222500       19621120  12600               11.14                    
314222500       19640125  13400               11.13                    
314222500       19641222  13500               11.15                    
314222500       19660309   8240                9.02                    
314222500       19661213   7190                8.52                    
314222500       19680219   9140                9.42                    
314222500       19690105  10100                9.82                    
314222500       19700122   8840                9.29                    
314222500       19710119   9040                9.38                    
314222500       19720120  19200               12.92                    
314222500       19721221   9160                9.43                    
314222500       19740115  11000               10.22                    
314222500       19750114   8910                9.32                    
314222500       19751204  11700               10.47                    
314222500       19770307   3390                6.19                    
314222500       19771202  19300               12.95                    
314222500       19790207   8140                8.97                    
314222500       19800114   4390                6.92                    
314222500       19801225  10700               10.09                    
314222500       19820124  14400               11.38                    
314222500       19821203  10200                9.86                    
314222500       19840125   4990                7.15                    
314222500       19841128   5260                7.32                    
314222500       19860223  15200               11.60                    
314222500       19870201  13000               10.85                    
314222500       19880114   6580               18.06                    
314222500       19890109   5860               17.75                    
314222500       19900109   8000               18.84                    
314222500       19910405   8490               19.06                    
314222500       19911206   5190               17.36                    
314222500       19930323   6240               17.96                    
314222500       19940105   3480               16.19                    
314222500       19941130  12100               20.52                    
314222500       19960208  28600               25.26                    
314222500       19971030   9580               19.53                    
314222500       19981227  12000               20.49                    
314222500       19991125  14400               21.30                    
314222500       20010430   3170               15.94                    
314222500       20020125   6330               18.01                    
314222500       20030131  13700               21.08                    
314222500       20040129   9420               19.46                    
314222500       20050118   6690               18.20                    
314222500       20060110   9270               19.40                    
314222500       20061107  21200               22.19                    
314222500       20071203  10700               19.32                    
314222500       20090108  13800               20.31                    
314222500       20100101   4470               16.55                    
314222500       20110116  16200               20.97                    
314222500       20111122  11000               19.42                    
314222500       20121119   7570               18.13                    
314222500       20131202   6660               17.72                    
314222500       20150210   5850               17.32                    
314222500       20151209  22400               22.44                    
314222500       20170315   9360               18.85                    
314222500       20171022  10600               19.31                    
314222500       20181218   4560               16.61                    
