Z14236200                       USGS 
H14236200       4635441222730005353041SW17080005141            600.00           
N14236200       TILTON RIVER AB BEAR CANYON CREEK NEAR CINEBAR, WA
Y14236200       
314236200       19561209  10500               11.05                    
314236200       19580419   5610                8.13                    
314236200       19581112  13100               12.48                    
314236200       19591123  16000               14.00                    
314236200       19610221  11400               11.57                    
314236200       19611122   7870                9.34                    
314236200       19621120  16300               14.16                    
314236200       19640125   9980               10.75                    
314236200       19641222  13700               12.81                    
314236200       19660309   4850                7.71                    
314236200       19661213   9670               10.57                    
314236200       19680219   8900                9.85                    
314236200       19681203   8060                9.43                    
314236200       19700119   8100                9.45                    
314236200       19710119   9580               10.52                    
314236200       19720120  17600               14.79                    
314236200       19721221  10900               11.26                    
314236200       19740115   9580               10.52                    
314236200       19750118  13000               12.46                    
314236200       19751201  17600               14.78                    
314236200       19770327   3130                6.45                    
314236200       19771202  22500               17.00                    
314236200       19790206  11600               11.65                    
314236200       19791215  10500               11.04                    
314236200       19801226  10400               10.99                    
314236200       19820124  18400               15.19                    
314236200       19830105  11000               11.36                    
314236200       19840125   9240               10.48                    
314236200       19841103   4510                7.65                    
314236200       19860223  16600               14.29                    
314236200       19861124  17200               14.25                    
314236200       19871209  11500               11.72                    
314236200       19890118   4240                7.36                    
314236200       19900210  17300               14.32                    
314236200       19901124  17600               14.44                    
314236200       19911120   5290                8.12                    
314236200       19930323   5570                8.31                    
314236200       19940303   4450                7.52                    
314236200       19950219  10800               11.38                    
314236200       19960208  27100               17.90                    
314236200       19970319  10100               10.98                    
314236200       19971030   7990                9.90                    
314236200       19981228  17100               14.35                    
314236200       19991125  14700               13.26                    
314236200       20010204   3030                6.42                    
314236200       20011217   8360               10.06                    
314236200       20030131  14200               12.62                    
314236200       20040129  10800               11.02                    
314236200       20050118  14400               12.71                    
314236200       20060110   9000               10.10                    
314236200       20061106  23000               16.12                    
314236200       20071203   7120                9.05                    
314236200       20090107  30600               19.21                    
314236200       20100105   4070                7.20                    
314236200       20110116  10500               11.09                    
314236200       20120222  10200               10.93                    
314236200       20130930   6040                8.53                    
314236200       20140309   7140                9.21                    
314236200       20150105   9180               10.38                    
314236200       20151117  14500               13.10                    
314236200       20170209   7680                9.17                    
314236200       20171022  14600               12.75                    
314236200       20181229   4980                7.53                    
