Z14306500                       USGS 
H14306500       4423101234950004141041SW17100205334            48.16            
N14306500       ALSEA RIVER NEAR TIDEWATER, OR
Y14306500       
314306500       19400206  15900               15.93                    
314306500       19410118  10600               13.40                    
314306500       19420204  13900               14.90                    
314306500       19430101  22900               19.98                    
314306500       19431024   8890               11.72                    
314306500       19450208  17900               17.18                    
314306500       19451228  19100               17.88                    
314306500       19461215  26400               21.70                    
314306500       19480107  27800               22.43                    
314306500       19490217  26400               21.72                    
314306500       19500122  16300               16.22                    
314306500       19510121  19300               17.89                    
314306500       19511205  22300               19.12                    
314306500       19530118  26100               20.99                    
314306500       19540128  24200               20.03                    
314306500       19541231  17500               16.63                    
314306500       19551221  32200               23.80                    
314306500       19561211  16700               16.22                    
314306500       19571220  19800               18.04                    
314306500       19590112  18900               18.28                    
314306500       19600209  20700               18.71                    
314306500       19601124  32800               24.02                    
314306500       19611221  16000               16.30                    
314306500       19621126  16800               16.73                    
314306500       19640120  28200               22.12                    
314306500       19641222  41800               27.44                    
314306500       19660309  25500               20.94                    
314306500       19670128  20900               18.82                    
314306500       19680203  14600               15.54                    
314306500       19681205  21200               18.94                    
314306500       19700127  19000               17.87                    
314306500       19710117  21000               18.88                    
314306500       19720121  37000               25.71                    
314306500       19721222  13000               14.60                    
314306500       19740116  34100               24.55                    
314306500       19750105  14500               15.46                    
314306500       19751204  23400               19.99                    
314306500       19770308   9270               12.12                    
314306500       19771213  24700               20.60                    
314306500       19790207  15000               15.73                    
314306500       19800112  19600               18.18                    
314306500       19801226  32500               23.92                    
314306500       19811206  23400               20.01                    
314306500       19821216  28200               22.23                    
314306500       19840213  18000               17.40                    
314306500       19841102  14400               15.41                    
314306500       19860223  17700               17.24                    
314306500       19870201  20200               18.56                    
314306500       19880115  19300               18.08                    
314306500       19890110  14600               15.51                    
314306500       19900107  17800               17.31                    
314306500       19901125   8600               11.64                    
314306500       19920220  11700               13.83                    
314306500       19930120  10100               12.77                    
314306500       19940224  10400               13.06                    
314306500       19950114  16600               16.73                    
314306500       19960207  32100               23.88                    
314306500       19961119  28200               22.28                    
314306500       19971217  10200               12.79                    
314306500       19981228  32500               24.04                    
314306500       19991126  23200               20.04                    
314306500       20001222   7520               10.64                    
314306500       20011214  14400               15.44                    
314306500       20021216  13700               15.01                    
314306500       20031213  11900               13.83                    
314306500       20041208   7870               10.86                    
314306500       20051230  27400               21.78                    
314306500       20061215  17400               16.89                    
314306500       20071203  27600               21.85                    
314306500       20090102  16000               16.16                    
314306500       20100330  10400               12.66                    
314306500       20110116  13600               14.70                    
314306500       20120119  32000               23.61                    
314306500       20121119  21800               18.88                    
314306500       20140212  12200               13.49                    
314306500       20141221  21800               18.89                    
314306500       20151218  22900               19.44                    
314306500       20161125  19700               17.81                    
314306500       20180124  10100               12.17                    
314306500       20181218  14600               15.01                    
