Z14309500                       USGS 
H14309500       4248151233635004141019SW1710030286.9           1018.48          
N14309500       WEST FORK COW CREEK NEAR GLENDALE, OR
Y14309500       
314309500       19551221  10600               18.603                   
314309500       19561211   8760               16.48                    
314309500       19571220   8200               16.461                   
314309500       19590112   8650               16.65                    
314309500       19600209   4890               12.71                    
314309500       19601124   5840               13.73                    
314309500       19611123   6760               14.70                    
314309500       19621126   4640               12.43                    
314309500       19640119   8540               18.7536                   
314309500       19641222  15700               18.59                    
314309500       19660105  12000               16.10                    
314309500       19661204   7340               12.52                    
314309500       19680115   7530               12.11                    
314309500       19681210   5740               10.05                    
314309500       19691221   8240               12.95                    
314309500       19710117  10500               15.19                    
314309500       19720121   8090               12.94                    
314309500       19721222   2640                7.72                    
314309500       19740115   9510               14.28                    
314309500       19750318   5500               10.48                    
314309500       19760108   3750                8.82                    
314309500       19770307   1370                6.31                    
314309500       19780105   4230                9.28                    
314309500       19790213   3160                8.25                    
314309500       19800112   4130                9.19                    
314309500       19801202   7340               12.24                    
314309500       19811206  11300               15.81                    
314309500       19830218  10900               15.43                    
314309500       19840213   7500               12.20                    
314309500       19841127   6320               11.01                    
314309500       19860222   4150                8.75                    
314309500       19870312   4060                8.65                    
314309500       19871206   5450               10.09                    
314309500       19890110   5280                9.90                    
314309500       19900107   5250                9.87                    
314309500       19910304   3410                8.01                    
314309500       19911206   2200                6.69                    
314309500       19930121   7000               11.68                    
314309500       19931208   2480                7.01                    
314309500       19950109   6760               11.44                    
314309500       19951212   5990               10.96                    
314309500       19961118   8560               13.20                    
314309500       19980323   4250                9.38                    
314309500       19981130   6410               11.30                    
314309500       20000110   5700               10.71                    
314309500       20001222   1440                6.08                    
314309500       20020207   4230                9.40                    
314309500       20021230   7830               12.78                    
314309500       20031213   4760                9.95                    
314309500       20041208   4040                9.20                    
314309500       20051230   8830               13.67                    
314309500       20061226   7320               12.31                    
314309500       20071203   5450               10.59                    
314309500       20081229   8880               13.74                    
314309500       20100101   4110                9.19                    
314309500       20110310   4200                9.29                    
314309500       20120119   8090               13.03                    
314309500       20121120   6660               11.72                    
314309500       20140328   4040                9.11                    
314309500       20150206  11500               15.94                    
314309500       20151218   6620               11.68                    
314309500       20170118   7420               12.40                    
314309500       20180124   3510                8.55                    
314309500       20190408   5650                                        
