Z14306340                       USGS 
H14306340       4414531233807004141039SW171002055.70           680              
N14306340       EAST FORK LOBSTER CREEK NEAR ALSEA, OR.
Y14306340       
314306340       19840213    435                3.46                    
314306340       19841102    652                3.81                    
314306340       19860223    375                3.34                    
314306340       19870201    526                3.62                    
314306340       19871209    603                3.742                   
314306340       19890109    430                3.45                    
314306340       19900107    468                3.522                   
314306340       19901125    290                3.14                    
314306340       19920220    282                3.12                    
314306340       19930120    313                3.20                    
314306340       19940224    249                3.03                    
314306340       19941216    551                3.66                    
314306340       19960207   1360                5.37                    
314306340       19961119   1090                4.842                   
314306340       19971216    334                3.73                    
314306340       19981228    635                4.41                    
314306340       19991126    408                3.92                    
314306340       20001222    183                3.32                    
314306340       20020125    384                3.87                    
314306340       20021230    353                3.78                    
314306340       20031213    283                3.58                    
314306340       20041208    199                3.45                    
314306340       20051230    761                4.83                    
314306340       20061107    461                4.24                    
314306340       20071203    953                5.13                    
314306340       20090102    411                4.22                    
314306340       20100329    287                3.80                    
314306340       20110301    353                3.98                    
314306340       20120119   1350                5.61                    
314306340       20121119    792                4.86                    
314306340       20140212    511                4.63                    
314306340       20141220    660                4.65                    
314306340       20151207    827                4.91                    
314306340       20170205    670                4.69                    
314306340       20171022    360                4.08                    
314306340       20181218    579                4.73                    
