Z14305500                       USGS 
H14305500       4442551235310004141041SW17100204202            102.32           
N14305500       SILETZ RIVER AT SILETZ, OR
Y14305500       
314305500       19060220   9980                8.503                   
314305500       19070103  24900               18.803                   
314305500       19080315  30600               22.703                   
314305500       19090119  18200               14.203                   
314305500       19091122  34600               24.603                   
314305500       19110118  25200               19.003                   
314305500       19120112  21600               16.503                   
314305500       19250128  18800               14.503                   
314305500       19260206  16800               14.003                   
314305500       19270131  19500               15.803                   
314305500       19271125  30700               22.603                   
314305500       19281109  11200                9.803                   
314305500       19300207  11500               10.003                   
314305500       19310331  34100               26.713                   
314305500       19320118  21800               18.933                   
314305500       19330102  19800               17.863                   
314305500       19331206  28700               23.803                   
314305500       19341107  15000               14.713                   
314305500       19360104  19600               17.743                   
314305500       19370414  16100               15.393                   
314305500       19371227  30100               23.8336                   
314305500       19381215  17800               17.60                    
314305500       19400206  21400               19.51                    
314305500       19410118  13200               14.86                    
314305500       19411219  25400               21.96                    
314305500       19421123  26500               22.46                    
314305500       19431024  12800               15.27                    
314305500       19450207  22400               20.50                    
314305500       19451228  21600               20.10                    
314305500       19461215  28000               24.53                    
314305500       19480222  21900               20.44                    
314305500       19490217  29000               25.17                    
314305500       19491127  16400               16.77                    
314305500       19510117  16600               16.85                    
314305500       19520203  19400               18.23                    
314305500       19530118  29500               22.26                    
314305500       19531122  21900               20.46                    
314305500       19541230  21200               20.02                    
314305500       19560104  22700               21.02                    
314305500       19561211  20900               19.77                    
314305500       19571219  22200               20.70                    
314305500       19581118  14200               15.20                    
314305500       19600209  14200               15.20                    
314305500       19601124  24400               22.12                    
314305500       19611122  20900               19.82                    
314305500       19621120  26300               23.40                    
314305500       19640125  19700               18.97                    
314305500       19650128  32200               27.32                    
314305500       19660309  19500               18.76                    
314305500       19670128  19100               18.13                    
314305500       19680219  18600               17.78                    
314305500       19681109  14500               15.02                    
314305500       19700118  17200               16.83                    
314305500       19710116  18100               17.39                    
314305500       19720111  31800               25.76                    
314305500       19721221  19700               18.47                    
314305500       19740116  20900               19.27                    
314305500       19741220  21500               19.68                    
314305500       19751204  23600               21.08                    
314305500       19770307   8630               11.07                    
314305500       19771213  23100               20.76                    
314305500       19790207  16600               16.44                    
314305500       19800111  14500               14.99                    
314305500       19801225  26500               22.95                    
314305500       19820220  21400               19.51                    
314305500       19830104  18300               17.45                    
314305500       19840212  11300               12.91                    
314305500       19850607  13600               14.40                    
314305500       19860223  17100               16.91                    
314305500       19870201  20000               18.865                   
314305500       19871210  19200               18.33                    
314305500       19890109  15400               15.77                    
314305500       19891204  17200               17.01                    
314305500       19910405  20500               19.21                    
314305500       19911206  10800               12.57                    
314305500       19921121  12000               13.39                    
314305500       19940224  18300               17.77                    
314305500       19950219  18800               18.06                    
314305500       19960207  34700               24.49                    
314305500       19961119  22700               18.76                    
314305500       19971030  16800               15.66                    
314305500       19981228  40500               24.70                    
314305500       19991126  53800               28.62                    
314305500       20001222   5980                9.21                    
314305500       20020108  18200               15.64                    
314305500       20030131  17400               15.25                    
314305500       20040129  20700               16.78                    
314305500       20050327  13600               13.38                    
314305500       20060110  25100               18.67                    
314305500       20061107  36300               22.99                    
314305500       20071203  26300               19.22                    
314305500       20090102  28700               20.18                    
314305500       20100102   8410               10.44                    
314305500       20110116  29700               20.58                    
314305500       20120119  37700               23.54                    
314305500       20121119  20600               16.79                    
314305500       20140212  14700               13.96                    
314305500       20141221  29100               20.33                    
314305500       20151207  32200               21.50                    
314305500       20161125  19900               16.47                    
314305500       20171022  26000               19.07                    
314305500       20181218  12500               12.84                    
