Z14303200                       USGS 
H14303200       4519281233243004141057SW171002033.09           1400             
N14303200       TUCCA CREEK NEAR BLAINE, OR.
Y14303200       
314303200       19831117    128                2.76                    
314303200       19841128    157                2.98                    
314303200       19860223    220                3.35                    
314303200       19870303    216                3.32                    
314303200       19871209    266                3.66                    
314303200       19890109    168                3.03                    
314303200       19900210    230                3.45                    
314303200       19910405    186                3.10                    
314303200       19911206    127                2.64                    
314303200       19921122   93.0                2.38                    
314303200       19940224    198                3.24                    
314303200       19941130    236                3.48                    
314303200       19960206    680                4.302                   
314303200       19961225    400                5.09                    
314303200       19971030    206                4.22                    
314303200       19981227    528                5.49                    
314303200       19991125    440                5.21                    
314303200       20001223   45.0                2.68                    
314303200       20011216    163                3.95                    
314303200       20030131    159                3.92                    
314303200       20040129    176                4.04                    
314303200       20050118   92.0                3.33                    
314303200       20060110    324                4.88                    
314303200       20061106    602                5.73                    
314303200       20071203    406               13.52                    
314303200       20081112    397               13.49                    
314303200       20091122   77.0               11.93                    
314303200       20110116    302               13.13                    
314303200       20120330    358               12.39                    
314303200       20121119    372               12.41                    
314303200       20140306    295               12.29                    
314303200       20141220    509               13.07                    
314303200       20151117    503               13.06                    
314303200       20170209    200               12.37                    
314303200       20171022    181               12.31                    
314303200       20181219    111               12.02                    
