Z14301000                       USGS 
H14301000       4542151234515004141057SW17100202667            32.60            
N14301000       NEHALEM RIVER NEAR FOSS, OR
Y14301000       
314301000       19391216  26700               15.69                    
314301000       19410118  19100               12.93                    
314301000       19411219  31100               17.13                    
314301000       19430401  25800               15.36                    
314301000       19431203  16000               11.80                    
314301000       19450207  30800               17.05                    
314301000       19451229  27400               15.87                    
314301000       19461213  35100               18.45                    
314301000       19480222  21900               13.95                    
314301000       19490217  36900               19.04                    
314301000       19500225  30800               17.15                    
314301000       19510117  22400               14.33                    
314301000       19520204  23700               14.89                    
314301000       19530119  22800               14.59                    
314301000       19540106  34700               18.33                    
314301000       19541231  19500               13.49                    
314301000       19551221  39300               19.67                    
314301000       19570226  23000               14.68                    
314301000       19571219  21200               14.08                    
314301000       19590124  21900               14.30                    
314301000       19591123  21600               14.19                    
314301000       19601124  30800               17.23                    
314301000       19611221  18400               13.17                    
314301000       19630203  35900               18.68                    
314301000       19640125  43200               21.10                    
314301000       19641223  40400               21.53                    
314301000       19660106  26800               16.35                    
314301000       19661213  38700               18.83                    
314301000       19680204  29900               16.73                    
314301000       19690211  19000               13.51                    
314301000       19700127  23500               15.34                    
314301000       19701207  35800               20.76                    
314301000       19720120  46900               23.11                    
314301000       19721221  31200               18.39                    
314301000       19740116  39400               20.98                    
314301000       19750114  26900               16.96                    
314301000       19751204  33900               19.29                    
314301000       19770309  14300               12.04                    
314301000       19771213  35200               19.70                    
314301000       19790207  18900               14.24                    
314301000       19800112  24400               16.06                    
314301000       19801226  34300               19.41                    
314301000       19820124  33600               18.78                    
314301000       19821203  33400               19.11                    
314301000       19831118  17200               12.87                    
314301000       19841129  17700               13.06                    
314301000       19860223  27300               16.77                    
314301000       19870303  31700               18.33                    
314301000       19871209  29500               17.53                    
314301000       19890110  144002                                       
314301000       19900109  53400               25.07                    
314301000       19910405  34300               19.17                    
314301000       19920129  25100               15.96                    
314301000       19921121   9200                9.95                    
314301000       19931210  14400               12.14                    
314301000       19941220  29700               17.62                    
314301000       19960208  70300               29.56                    
314301000       19961231  34300               19.20                    
314301000       19971030  22800               15.21                    
314301000       19981228  34400               18.91                    
314301000       19991125  33300               18.43                    
314301000       20001223   6980                8.33                    
314301000       20011216  27900               16.55                    
314301000       20030131  27800               16.51                    
314301000       20040130  20400               13.80                    
314301000       20050327  15700               12.03                    
314301000       20060111  25900               15.84                    
314301000       20061107  37300               19.77                    
314301000       20071203  52300               24.37                    
314301000       20090108  33700               18.57                    
314301000       20091117  19400               13.42                    
314301000       20110116  27700               15.91                    
314301000       20120315  27300               15.47                    
314301000       20121119  32900               17.33                    
314301000       20140218  24400               15.08                    
314301000       20141221  19000               13.92                    
314301000       20151209  47100               23.41                    
314301000       20170209  34200               18.43                    
314301000       20171022  25400               15.02                    
