Z14308990                       USGS 
H14308990       4249241230729004141019SW1710030264.7           1900             
N14308990       COW CREEK ABV GALESVILLE RES, NR AZALEA, OR.
Y14308990       
314308990       19860218   2240                6.342                   
314308990       19870202   2610                6.89                    
314308990       19871210   1280                4.68                    
314308990       19890110   2230                6.24                    
314308990       19900108   1120                4.53                    
314308990       19910303   2860                6.99                    
314308990       19911206    556                3.25                    
314308990       19930120   3560                8.48                    
314308990       19931208    795                4.02                    
314308990       19950109   6980               12.04                    
314308990       19951212   3820                8.78                    
314308990       19970101   6130               11.25                    
314308990       19980221   2400                6.83                    
314308990       19990228   2650                7.54                    
314308990       20000114   2480                7.31                    
314308990       20001222    141                1.51                    
314308990       20011214   1460                5.63                    
314308990       20021230   1990                6.56                    
314308990       20031214   1070                4.80                    
314308990       20041209    861                4.26                    
314308990       20051230   1830                6.32                    
314308990       20061226   1660                6.01                    
314308990       20080104   1560                5.82                    
314308990       20081229   1480                5.67                    
314308990       20100101   1060                4.77                    
314308990       20101229   1570                5.85                    
314308990       20120330   2620                7.56                    
314308990       20121202   5290               10.61                    
314308990       20140214    966                4.53                    
314308990       20150206   5280               10.60                    
314308990       20160117   3420                8.61                    
314308990       20161215   5480               10.79                    
314308990       20180124    444                3.02                    
314308990       20190225   2300                7.09                    
