Z14316700                       USGS 
H14316700       4321001224340004141019SW17100301227            1128.55          
N14316700       STEAMBOAT CREEK NEAR GLIDE, OR
Y14316700       
314316700       19551222  26900               17.96                    
314316700       19561211  23200               16.50                    
314316700       19571220  15900               13.07                    
314316700       19590127  11200               10.67                    
314316700       19600208   8400                9.16                    
314316700       19601124  14200               12.19                    
314316700       19611123  19000               14.61                    
314316700       19630201  11700               11.12                    
314316700       19631108   9210                9.74                    
314316700       19641222  51000               25.60                    
314316700       19660106  16700               13.52                    
314316700       19670128  13800               12.15                    
314316700       19680223  12400               11.45                    
314316700       19681108  13000               11.74                    
314316700       19700127  15100               12.78                    
314316700       19710117  23700               16.66                    
314316700       19720302  22200               15.98                    
314316700       19721217   5920                7.89                    
314316700       19740115  14000               12.23                    
314316700       19750219   8910                9.62                    
314316700       19760108  21300               15.62                    
314316700       19770308   2250                4.95                    
314316700       19771124  21400               15.66                    
314316700       19790207  13800               12.17                    
314316700       19800113  14900               12.67                    
314316700       19801202  11000               10.80                    
314316700       19811206  23900               16.74                    
314316700       19830217  14000               12.27                    
314316700       19840213  19100               14.67                    
314316700       19841130   9730               10.17                    
314316700       19860223  21800               15.83                    
314316700       19861127  10200               10.43                    
314316700       19880110  11400               11.03                    
314316700       19890110  22500               16.15                    
314316700       19900108  19700               14.94                    
314316700       19910112   7720                9.01                    
314316700       19911206  11000               10.83                    
314316700       19930318   8300                9.36                    
314316700       19940224   3920                6.39                    
314316700       19950113  12100               11.38                    
314316700       19960209  15700               13.03                    
314316700       19961118  31400               19.54                    
314316700       19980117  10100                9.44                    
314316700       19981121  20100               14.39                    
314316700       20000111  15400               12.12                    
314316700       20010516   3260                5.61                    
314316700       20011214  12700               11.87                    
314316700       20030130   8660                9.62                    
314316700       20031213  13400               12.24                    
314316700       20041209  13100               12.11                    
314316700       20051230  26300               17.78                    
314316700       20061214  10500               10.68                    
314316700       20071224   6850                8.49                    
314316700       20081229  17100               14.04                    
314316700       20100101   8350                9.44                    
314316700       20110116  16900               13.97                    
314316700       20120119  14000               12.59                    
314316700       20121120  10900               10.91                    
314316700       20140214  11100               11.03                    
314316700       20141221  17200               14.11                    
314316700       20151213  14200               12.662                   
314316700       20161215  14200               12.65                    
314316700       20171022   6350                7.90                    
314316700       20190408  18400                                        
