Z14325000                       USGS 
H14325000       4253301240410004141011SW17100305169            197.42           
N14325000       SOUTH FORK COQUILLE RIVER AT POWERS, OR
Y14325000       
314325000       19161203   5040                8.253                   
314325000       19180206  10000               10.803                   
314325000       19190117  19700               15.203                   
314325000       19191210  10900               11.253                   
314325000       19210220  10100               11.003                   
314325000       19211121   8440               10.203                   
314325000       19221231   9260               10.603                   
314325000       19231206   8840               10.403                   
314325000       19241031  25300               17.503                   
314325000       19260204  20000               15.503                   
314325000       19290414  11600               11.493                   
314325000       19291214  12700               12.103                   
314325000       19310312   5870                8.203                   
314325000       19311231  14700               13.103                   
314325000       19330102  18000               15.003                   
314325000       19331218  11500               12.053                   
314325000       19341104   7230               10.553                   
314325000       19360112  23600               17.503                   
314325000       19370413  15200               15.603                   
314325000       19371119  23300               17.403                   
314325000       19381202  11100               12.066                   
314325000       19391210  12100               12.76                    
314325000       19401220  14300               13.80                    
314325000       19411202  15500               14.50                    
314325000       19421208  16500               15.05                    
314325000       19431104   9670               10.78                    
314325000       19450208  10800               11.56                    
314325000       19451228  30500               20.57                    
314325000       19461118  11100               11.72                    
314325000       19480107  16500               15.07                    
314325000       19490222  13300               13.12                    
314325000       19500121  11000               11.49                    
314325000       19501028  24400               18.14                    
314325000       19511130  12000               12.04                    
314325000       19530118  24900               17.64                    
314325000       19531122  24500               17.49                    
314325000       19541231   9600               10.35                    
314325000       19551221  28000               19.75                    
314325000       19570226  18100               15.13                    
314325000       19580215  19700               15.92                    
314325000       19590112  21200               16.58                    
314325000       19600209  13900               12.85                    
314325000       19601124  19400               15.69                    
314325000       19611123  18100               15.04                    
314325000       19630506  12400               12.02                    
314325000       19640119  20600               16.30                    
314325000       19641222  48900               26.51                    
314325000       19660103  25000               17.68                    
314325000       19670128  14100               12.63                    
314325000       19680115  15300               13.24                    
314325000       19681224  17300               14.24                    
314325000       19691221  20700               15.77                    
314325000       19710116  27800               18.85                    
314325000       19720121  22100               15.74                    
314325000       19721222   8850                9.73                    
314325000       19740115  25600               17.30                    
314325000       19750318  13700               12.11                    
314325000       19751204  10600               10.53                    
314325000       19770307   6290                8.05                    
314325000       19771213  13300               11.91                    
314325000       19790111   9090                9.66                    
314325000       19800112  15700               13.01                    
314325000       19801202  22500               16.01                    
314325000       19811206  33200               20.28                    
314325000       19830218  22700               16.09                    
314325000       19840213  17500               13.81                    
314325000       19841127  10500               10.35                    
314325000       19860222  11000               10.66                    
314325000       19870202  13100               11.79                    
314325000       19871203  17300               13.58                    
314325000       19881122  12000               10.95                    
314325000       19900107  19400               14.57                    
314325000       19910304   8590                9.07                    
314325000       19920220   5850                7.37                    
314325000       19930120  17600               13.72                    
314325000       19931211   7970                8.71                    
314325000       19950109  24100               16.18                    
314325000       19951212  17500               13.30                    
314325000       19961118  38500               21.93                    
314325000       19980221   9250                9.44                    
314325000       19981202  16900               13.11                    
314325000       20000111  13000               11.31                    
314325000       20001222   3670                5.98                    
314325000       20011213   9750                9.69                    
314325000       20021216  19500               14.28                    
314325000       20031213  16400               12.89                    
314325000       20041209  13500               11.55                    
314325000       20051230  25600               16.73                    
314325000       20061215  10500               10.07                    
314325000       20071203  15900               12.65                    
314325000       20081229  20200               14.58                    
314325000       20100101  10600               10.09                    
314325000       20101229  12600               11.12                    
314325000       20120119  24100               16.16                    
314325000       20121120  20200               14.59                    
314325000       20140328   9670                9.65                    
314325000       20150206  16500               12.95                    
314325000       20151218  16900               13.10                    
314325000       20170209  18100               13.67                    
314325000       20180124  11800               10.74                    
314325000       20190225  17200                                        
