Z14362250                       USGS 
H14362250       4209151230427004141029SW1710030916.0           1667.04          
N14362250       STAR GULCH NEAR RUCH, OR
Y14362250       
314362250       19831214    153                3.11                    
314362250       19841128    153                3.11                    
314362250       19860217    110                2.86                    
314362250       19870202   91.0                2.74                    
314362250       19880115   37.0                2.22                    
314362250       19890310   56.0                2.44                    
314362250       19900108   45.0                2.32                    
314362250       19910304   34.0                2.16                    
314362250       19911118   6.00                1.422                   
314362250       19930120    144                3.07                    
314362250       19931208   40.0                2.25                    
314362250       19950320    226                3.43                    
314362250       19960127    111                2.88                    
314362250       19970101   1050                5.43                    
314362250       19980323    165                2.92                    
314362250       19990207    168                2.97                    
314362250       20000114   91.0                2.47                    
314362250       20001129   4.60                1.21                    
314362250       20011214   65.0                2.24                    
314362250       2003        465Bm              4.10Bm                   
314362250       20040217    179                3.03                    
314362250       20050118   56.0                2.15                    
314362250       20051230    224                3.23                    
314362250       20061226   91.0                2.47                    
314362250       20080104   80.0                2.38                    
314362250       20090316   18.0                1.76                    
314362250       20100428   33.0                1.90                    
314362250       20101229   51.0                2.15                    
314362250       20120330   92.0                2.55                    
314362250       20121202    117                2.66                    
314362250       20140310   19.0                1.77                    
314362250       20150206    147                2.99                    
314362250       20160117    339                3.78                    
314362250       20170118    532                4.34                    
314362250       20180124   12.2                1.56                    
314362250       20190120   83.0                2.50                    
