Z14400000                       USGS 
H14400000       4207251241110004141015SW17100312271            49.16            
N14400000       CHETCO RIVER NEAR BROOKINGS, OR
Y14400000       
314400000       19641222  854007              32.25                    
314400000       19700122  44800               21.80                    
314400000       19710116  65800               27.45                    
314400000       19720122  54500               23.99                    
314400000       19721217  14100               11.71                    
314400000       19740115  29000               16.45                    
314400000       19750318  38900               19.49                    
314400000       19760108  25700               15.56                    
314400000       19770309  15200               12.08                    
314400000       19771214  46100               21.53                    
314400000       19790111  36900               18.94                    
314400000       19791124  33300               17.92                    
314400000       19801202  53800               23.56                    
314400000       19811206  51800               23.06                    
314400000       19830330  46300               21.58                    
314400000       19840213  44600               21.09                    
314400000       19841111  26200               15.60                    
314400000       19860222  36900               18.932                   
314400000       19870202  26600               15.752                   
314400000       19871210  36600               18.862                   
314400000       19881122  39800               19.752                   
314400000       19900108  49300               22.38                    
314400000       19910304  23400               14.572                   
314400000       19920220  23000               14.362                   
314400000       19930120  42100               20.402                   
314400000       19931208  20000               13.22                    
314400000       19950109  40200               19.85                    
314400000       19951212  33600               17.98                    
314400000       19961119  76100               28.56                    
314400000       19980117  25900               14.16                    
314400000       19981121  4000012                                      
314400000       20000114  43700               19.33                    
314400000       20001214   9860                9.39                    
314400000       20020108  28800               15.12                    
314400000       20021227  36800               17.41                    
314400000       20031213  45500               19.85                    
314400000       20041209  48200               20.63                    
314400000       20051230  58300               23.42                    
314400000       20061226  45900               19.95                    
314400000       20071019  33500               16.69                    
314400000       20081229  51100               21.44                    
314400000       20100101  36200               17.42                    
314400000       20101228  28100               15.15                    
314400000       20120119  53700               22.18                    
314400000       20121120  56600               22.98                    
314400000       20140214  30200               15.75                    
314400000       20150206  36900               17.60                    
314400000       20151213  40000               18.41                    
314400000       20161214  38700               18.07                    
314400000       20180124  17100               11.67                    
